data/OphA_13co_physprop.txt
# %ECSV 0.9
# ---
# datatype:
# - {name: _idx, datatype: int64}
# - {name: area_pc2, unit: pc2, datatype: float64, description: projected area of structure}
# - {name: rad_pc, unit: pc, datatype: float64, description: equivalent radius in pc}
# - {name: e_rad_pc, datatype: float64, description: frac error in radius}
# - {name: vrms_k, unit: km / s, datatype: float64, description: rms linewidth in km/s}
# - {name: e_vrms_k, datatype: float64, description: frac error in linewidth}
# - {name: axratio, unit: '', datatype: float64, description: minor to major axis ratio}
# - {name: e_axratio, datatype: float64, description: frac error in axis ratio}
# - {name: mlumco, unit: solMass, datatype: float64, description: Mass from scaling luminosity with alphascale=1}
# - {name: e_mlumco, datatype: float64, description: frac error in luminous mass}
# - {name: siglum, unit: solMass / pc2, datatype: float64, description: average surface density from mlumco}
# - {name: e_siglum, datatype: float64, description: same as e_mlumco}
# - {name: mvir, unit: solMass, datatype: float64, description: virial mass}
# - {name: e_mvir, unit: solMass, datatype: float64, description: frac error in virial mass}
# - {name: emvir, unit: solMass, datatype: float64, description: elliptical virial mass}
# - {name: e_emvir, datatype: float64, description: frac error in elliptical virial mass}
# - {name: sigvir, unit: solMass / pc2, datatype: float64, description: virial surface density}
# - {name: e_sigvir, unit: solMass, datatype: float64, description: same as e_mvir}
# - {name: sigevir, unit: solMass / pc2, datatype: float64, description: ell. virial surface density}
# - {name: e_sigevir, unit: solMass, datatype: float64, description: same as e_mvir}
# - {name: alpha, unit: '', datatype: float64, description: virial parameter}
# - {name: e_alpha, datatype: float64, description: frac error in virial parameter}
# - {name: halfmax_ell_maj, unit: pix, datatype: float64}
# - {name: halfmax_ell_min, unit: pix, datatype: float64}
# - {name: halfmax_ell_pa, unit: rad, datatype: float64}
# - {name: mlte, unit: solMass, datatype: float64, description: LTE mass using H2/13CO=1000000.0}
# - {name: e_mlte, unit: solMass, datatype: float64, description: LTE mass uncert.}
# schema: astropy-2.0
_idx area_pc2 rad_pc e_rad_pc vrms_k e_vrms_k axratio e_axratio mlumco e_mlumco siglum e_siglum mvir e_mvir emvir e_emvir sigvir e_sigvir sigevir e_sigevir alpha e_alpha halfmax_ell_maj halfmax_ell_min halfmax_ell_pa mlte e_mlte
[from data line 222]
222 0.01813706200888311 0.07211079577988667 0.10584258533556987 0.09836133555727555 0.17128057745162356 0.7592144084696234 0.24293021792293437 0.05410016294616862 0.00989529457346569 2.982851518050257 0.00989529457346569 0.8110694394101843 1.027310154740891 1.027310154740891 0.4359999302404112 44.71889873966034 1.027310154740891 56.641486600075496 1.027310154740891 14.991996238850964 0.3515333295261426 12.80321515387566 10.264739595109198 10.264739595109198 1.5414263643911597 0.004007356460961098
223 0.021337720010450718 0.08122698649800905 0.0884584980960266 0.07650070941470852 0.11797546163638759 0.8174556016564858 0.2206662288476688 0.06488944908006934 0.008091243430037106 3.0410676046123015 0.008091243430037106 0.5526372844877083 0.6560891000352731 0.6560891000352731 0.36235259443698803 25.89954710330061 0.6560891000352731 30.747854021607555 0.6560891000352731 8.516596955628179 0.2801504365691453 14.4196177235696 11.37060353306356 11.37060353306356 1.1086118621775192 0.0034924122426424125
224 0.089618424043893 0.14566499025244098 0.033513712932432466 0.24533960658787118 0.03970912530229382 0.5278637573798276 0.06682170999823372 0.25571821200672623 0.009297805620124312 2.8534111677915854 0.009297805620124312 10.19293908313196 18.004670385375288 18.004670385375288 0.08440394472477476 113.73709359293909 18.004670385375288 200.90367106385426 18.004670385375288 39.86004361263035 0.09086140150384275 32.27489433382608 19.31802451141958 19.31802451141958 4.185753526094495 0.014202661455838228
225 0.03755438721839326 0.08533061604725437 0.03960425453463801 0.1939660057120846 0.050347626281840856 0.7351223737190652 0.07206744830070248 0.1372846071773837 0.016939732906608745 3.655621016501233 0.016939732906608745 3.7322011447824 4.864195134090339 4.864195134090339 0.11235214184517933 99.3812286984796 4.864195134090339 129.5240182139883 4.864195134090339 27.185867531092327 0.11722577849940842 15.074949425457659 9.63171581295217 9.63171581295217 1.7415780920849335 0.007985528453038338
226 0.011522368805643389 0.04544392951235934 0.09164257325196798 0.18608014356407526 0.10304983591325825 0.9417749659319821 0.14568252274675517 0.03229452916375737 0.026935314713178837 2.8027682248757966 0.026935314713178837 1.8292996781861615 1.9236884746926044 1.9236884746926044 0.2543054515868385 158.76072958975354 1.9236884746926044 166.95251706840233 1.9236884746926044 56.64425912234999 0.24999925477123183 8.748490203334292 8.122619695161932 8.122619695161932 0.48590512825796317 0.004344604905064287
227 0.011735746005747895 0.05190187042962618 0.11204922745665574 0.1500727007616174 0.11885407961874807 0.6713204267536088 0.19507107329193665 0.029401044257981148 0.02183917740251659 2.505255673016543 0.02183917740251659 1.3589244773157836 1.9212968957210765 1.9212968957210765 0.29290095050970266 115.79361692475399 1.9212968957210765 163.7132309083777 1.9212968957210765 46.220279300007945 0.24518034834288369 11.942159776514297 7.620352915048617 7.620352915048617 0.4730582701113997 0.004019131887083387
228 0.08983180124399753 0.14932521745368385 0.025810119124395032 0.14221507684102014 0.04808174478465583 0.4053577884989816 0.06159705941594628 0.665821210747318 0.00502834899110002 7.41186530301047 0.00502834899110002 3.5110203929352197 8.01182699351765 8.01182699351765 0.10083875646790866 39.084381525410215 8.01182699351765 89.18697924976753 8.01182699351765 5.273217999460319 0.09994929757911603 36.71575418480504 15.965381035048043 15.965381035048043 16.732484412915845 0.012102627759684176
229 1.6839728632247708 0.7710874036186615 0.007263814006722998 0.3115192155550583 0.009168373646498537 0.8400965776888101 0.00866947333035957 19.489089801169747 0.0015789754519133041 11.573280203487704 0.0015789754519133041 86.99257881193302 100.85987023393781 100.85987023393781 0.023595222599958308 51.65913341699827 100.85987023393781 59.89399974106079 100.85987023393781 4.463655291213839 0.021728219390352025 136.7207345051398 96.33507469711637 96.33507469711637 371.7277521452069 0.06855032255481883
230 1.2634064018187872 0.5662800961426179 0.006540323239966381 0.28888543474236755 0.010769946888228087 0.5081693358946895 0.016278426398449133 16.10035399876007 0.001593860534724632 12.743606471822655 0.001593860534724632 54.940360430585 100.61726539654238 100.61726539654238 0.02492721887038764 43.485896819497995 100.61726539654238 79.63966721372852 100.61726539654238 3.4123697177600008 0.022557177281720867 125.036182769757 70.92900484259194 70.92900484259194 300.63432129415526 0.059152225846880686
231 1.8049577356840263 0.7899423809048737 0.005865467282572441 0.3207634441213281 0.007703988292021113 0.8161880099945962 0.008186387469952799 21.22791091163993 0.001452579149647997 11.760890846341713 0.001452579149647997 94.48743641334316 112.32663529073494 112.32663529073494 0.019546565881608507 52.348835956280816 112.32663529073494 62.23228005289909 112.32663529073494 4.451094448560773 0.016504099137939706 145.6977557454836 97.93405691143103 97.93405691143103 402.8295579372374 0.07276775509218088
232 2.7598207061516957 0.9195447541798631 0.004244485764710248 0.40628810489624545 0.005986831200183979 0.6276045045033125 0.007328026822328581 38.67612498636255 0.0017499283413570956 14.013999134129508 0.0017499283413570956 176.46151422573215 265.26662181668394 265.26662181668394 0.01370257922081436 63.93948484856132 265.26662181668394 96.11733879139298 265.26662181668394 4.562543798996244 0.012320738173462107 211.85708340375405 103.59505912914788 103.59505912914788 694.7832550552995 0.11272212225319769
233 0.012375877606061417 0.05423620126312998 0.09507575653894121 0.10340868765641338 0.15256186740201563 0.34653387558977744 0.21727416565729885 0.02207061374326217 0.03059460669904504 1.783357467308217 0.03059460669904504 0.6742364579573923 1.8010232545895641 1.8010232545895641 0.3758453744890172 54.479890591934016 1.8010232545895641 145.5269122657988 1.8010232545895641 30.549057937422635 0.32470797346070834 14.572396800423608 5.347569541827201 5.347569541827201 0.04005103106126404 0.0012460215756485698
234 1.725368040045045 0.7773820544996474 0.007277554025252744 0.3140849440656815 0.00927349621550281 0.8344304411518274 0.00877184804084084 20.056254000826875 0.0016642913563211267 11.624333785795207 0.0016642913563211267 89.15334937442057 103.9720198407958 103.9720198407958 0.02442186065490763 51.67207651075593 103.9720198407958 60.260777658824225 103.9720198407958 4.445164554195663 0.020491433485306323 135.74771927702378 99.79706858528657 99.79706858528657 381.81227757722013 0.06994359192184593
235 2.384276833967763 0.8726772827493887 0.0046390487236815875 0.371367595399784 0.006358321295975339 0.6868570658490556 0.007519096007428849 30.92496062914316 0.0017495276476150623 12.970373317631825 0.0017495276476150623 139.9170363179407 193.7760798419904 193.7760798419904 0.0168113318923023 58.68321762162978 193.7760798419904 81.27247519304227 193.7760798419904 4.524404670901513 0.015346083624649433 199.78112298599783 98.46927305999536 98.46927305999536 572.5173220761602 0.09521619015123393
236 3.887092454303807 1.1849655956163152 0.0038353470821131243 0.45444243516295585 0.004602675316075894 0.5277406318118301 0.005152638160182911 53.263801577808444 0.0021686919763002532 13.702735966270756 0.0021686919763002532 284.4935427263829 502.63661355540216 502.63661355540216 0.012362747127237705 73.18929150022925 502.63661355540216 129.30914802370614 502.63661355540216 5.341217380265115 0.010579293871125259 251.86066285908933 130.24693446798864 130.24693446798864 887.3549401784073 0.14111818578225865
237 0.024538378012018327 0.08891163069206781 0.047650148154660184 0.16984939196110557 0.07503712553507888 0.2982170316444997 0.08928706451374259 0.06451512240703984 0.02002304055201153 2.6291518687764053 0.02002304055201153 2.9819165407577573 9.296051303581363 9.296051303581363 0.17142357390281415 121.52052345502558 9.296051303581363 378.83723606459944 9.296051303581363 46.22042754478868 0.15770213685507672 23.661198185175948 8.54273074877027 8.54273074877027 1.0044949642683325 0.006089993099308289
238 1.0792618781285974 0.533837182523121 0.007285768980232451 0.2713977949464353 0.012545473133990905 0.45364517656142317 0.01756077618957108 12.517496398166895 0.001352308840118318 11.598201189012437 0.001352308840118318 45.712014924889935 93.39059587208159 93.39059587208159 0.030569773673027194 42.354887030896506 93.39059587208159 86.53191386136758 93.39059587208159 3.651849656739998 0.02669201635175638 123.82007558336147 60.95086096478156 60.95086096478156 241.79746750662736 0.05019877341517943
239 0.02731228161337692 0.08634621134832118 0.06967293098597382 0.10852726508909065 0.09484368846845165 0.41983128386922064 0.1454168647703012 0.13699987157686427 0.006037537932933643 5.016053712252473 0.006037537932933643 1.182306071394962 2.6059091160498804 2.6059091160498804 0.27606756492234813 43.28844027501152 2.6059091160498804 95.41162298112681 2.6059091160498804 8.629979413751675 0.2256977574731602 22.00560442890597 9.309901833854855 9.309901833854855 3.759257817604948 0.005377640693152608
240 0.014936404007315504 0.0653245351068881 0.09542222843713832 0.10342012268969686 0.1441755787489581 0.41644148874884285 0.19975479267444654 0.0770835556047623 0.009937267707629585 5.160784052641356 0.009937267707629585 0.8122605119462138 1.8046747856975576 1.8046747856975576 0.3568840944201427 54.381262822590195 1.8046747856975576 120.82391349441738 1.8046747856975576 10.537403283665235 0.29311417143314156 15.076861597760704 7.0203842759764035 7.0203842759764035 2.0118579497045626 0.004014501010635528
241 0.920509241250844 0.5120740782383904 0.00874779467825349 0.2622813779234975 0.015274418811802092 0.4197189607451962 0.02107799216677777 9.55048151313845 0.00135711187463823 10.375215245162204 0.00135711187463823 40.95214183383211 90.28603116005297 90.28603116005297 0.035307226830044065 44.48857219313067 90.28603116005297 98.08269935168366 90.28603116005297 4.287966190761678 0.03127424825528699 122.98954525859482 56.09663297630649 56.09663297630649 191.0703150268195 0.04273949972146201
242 0.8035785355935741 0.4932959581133214 0.009768842347034606 0.2607258668292171 0.014733310134953029 0.3860987516549049 0.02324050414245025 7.799443821832821 0.0015195134103742655 9.705888692101086 0.0015195134103742655 38.983848679038566 93.37623206971772 93.37623206971772 0.038950959778209594 48.512804850172635 93.37623206971772 116.20050553085531 93.37623206971772 4.9982857200550495 0.03200750718291054 123.07143955073644 48.82658466041001 48.82658466041001 159.80957151470662 0.038115174922950794
243 1.0813956501296424 0.5339371913737362 0.006858561353991414 0.27238039207281634 0.011719893232129753 0.4546175664499467 0.019080699685788592 12.583753993891998 0.0014565133355320602 11.636586472660031 0.0014565133355320602 46.05224108862241 93.88988057408856 93.88988057408856 0.030585159126062692 42.58593150721613 93.88988057408856 86.82287612571092 93.88988057408856 3.65965840646405 0.023967519416485665 123.79524336041867 61.010477734979716 61.010477734979716 242.99753100152833 0.050466599740478936
244 0.01514978120742001 0.058994158122059846 0.07809725152642127 0.12757892492663506 0.09357062825826794 0.6083188624311594 0.15015080082301738 0.03432824876800726 0.017181491588489438 2.265923731703405 0.017181491588489438 1.1162868268652493 1.7269191234551249 1.7269191234551249 0.22113912205231817 73.68336292002145 1.7269191234551249 113.98970716549492 1.7269191234551249 32.51802427817378 0.19478005035516574 13.208673399532506 7.619464523518488 7.619464523518488 0.5309834290132537 0.0040872389022204424
245 0.008748465204284794 0.04617198620388495 0.09900280372922873 0.07666440007534253 0.17414615816054213 0.2832478181975284 0.2561248812938182 0.04016900330332739 0.013828745140875289 4.591548616282266 0.013828745140875289 0.3154822690892334 1.0378458746933097 1.0378458746933097 0.3893106500941642 36.06144183264483 1.0378458746933097 118.63176573932041 1.0378458746933097 7.853873463250716 0.34554839788266734 13.884779913006538 3.952488704314413 3.952488704314413 0.07302524225232751 0.0008341076549694723
246 0.3012886065475642 0.380231472131829 0.017929463848599895 0.190504797901091 0.03566642056662618 0.5328042435166097 0.043164306723507545 1.984682323708462 0.0028312040137559876 6.58731289726066 0.0028312040137559876 16.04238048191003 28.088321258081592 28.088321258081592 0.07257617353030178 53.24589159124885 28.088321258081592 93.2272931922081 28.088321258081592 8.083097375470231 0.07180373267395884 81.92330620147632 39.9723293065772 39.9723293065772 43.36139905387794 0.020429099300938117
247 0.5773987034827964 0.47565838398306537 0.012579133485814053 0.259454738582519 0.017697814052971775 0.34833947636047546 0.030788131142589506 4.485271430078032 0.0016420038654561683 7.768066334446957 0.0016420038654561683 37.224363919347546 98.90983721171206 98.90983721171206 0.0410735377181596 64.46908123418854 98.90983721171206 171.3024927404588 98.90983721171206 8.299244426930912 0.035666387439135465 120.98849300223557 40.91333177496496 40.91333177496496 94.99112930511158 0.02863883045449273
248 0.4015758905966825 0.38109989231338504 0.01373103513729412 0.26887104731712885 0.019966634675468737 0.5856492650277655 0.03468734293762436 2.8985868635245895 0.002122845621251563 7.218030094430512 0.002122845621251563 32.02844244811456 51.32145204387286 51.32145204387286 0.048727445007591415 79.75688580438687 51.32145204387286 127.80013254186339 51.32145204387286 11.049674878181499 0.04128013732350575 75.57486028431958 43.343804391381234 43.343804391381234 67.93673223088015 0.024126521096034016
249 0.09730000324765527 0.16422528167755732 0.026569157154129698 0.14814310745562345 0.0595193844745727 0.5058183694669396 0.05504668630562512 0.7635967750462691 0.00457678951744567 7.847859707699139 0.00457678951744567 4.1899788557342035 7.707514509793595 7.707514509793595 0.13267765030221704 43.062473955623155 7.707514509793595 79.21391831998042 7.707514509793595 5.487161539518442 0.12834518102893883 35.100346511389546 19.463692532021277 19.463692532021277 15.221851050423794 0.01112811873661098
250 0.09922039804859584 0.18849677672358486 0.03670888460602951 0.12120698631084202 0.05857692435295937 0.34719707582565174 0.08462949244988678 0.5037227587042493 0.00339334802603681 5.076806469346532 0.00339334802603681 3.2193496677984825 8.582834148074378 8.582834148074378 0.14490420748756763 32.44644983405247 8.582834148074378 86.5027183611046 8.582834148074378 6.391114183682653 0.12358288766872105 49.7926984374431 17.855303875939796 17.855303875939796 3.045968093126871 0.005189013386816695
251 0.15085768047388656 0.23887032559971277 0.024088054765128927 0.2040129985576986 0.03999304970118946 0.6327886817621954 0.0508601167030278 1.2167705649675205 0.0036934606999608965 8.065685228258188 0.0036934606999608965 11.55810925188711 17.24435105472274 17.24435105472274 0.09422663859222084 76.61598147061406 17.24435105472274 114.30873788164688 17.24435105472274 9.499004647762526 0.08415533007643919 44.73053181021998 29.41006295816494 29.41006295816494 26.94229818684615 0.014587026192593482
252 0.08364386244096682 0.15611822196357852 0.030232944830245564 0.1209434131805064 0.05535163817719618 0.5323515142064214 0.06642857192381416 0.6081739112337099 0.004970267094799924 7.27099267639559 0.004970267094799924 2.6547703196003023 4.651928470556431 4.651928470556431 0.14209242046045564 31.738973334402807 4.651928470556431 55.61589738684789 4.651928470556431 4.365149952280876 0.11818947542993512 33.06938037841702 18.655589872498204 18.655589872498204 11.231035205066371 0.0098145563271473
