data/OphA_13co_physprop.txt
# %ECSV 0.9
# ---
# datatype:
# - {name: _idx, datatype: int64}
# - {name: area_pc2, unit: pc2, datatype: float64, description: projected area of structure}
# - {name: rad_pc, unit: pc, datatype: float64, description: equivalent radius in pc}
# - {name: e_rad_pc, datatype: float64, description: frac error in radius}
# - {name: vrms_k, unit: km / s, datatype: float64, description: rms linewidth in km/s}
# - {name: e_vrms_k, datatype: float64, description: frac error in linewidth}
# - {name: axratio, unit: '', datatype: float64, description: minor to major axis ratio}
# - {name: e_axratio, datatype: float64, description: frac error in axis ratio}
# - {name: mlumco, unit: solMass, datatype: float64, description: Mass from scaling luminosity with alphascale=1}
# - {name: e_mlumco, datatype: float64, description: frac error in luminous mass}
# - {name: siglum, unit: solMass / pc2, datatype: float64, description: average surface density from mlumco}
# - {name: e_siglum, datatype: float64, description: same as e_mlumco}
# - {name: mvir, unit: solMass, datatype: float64, description: virial mass}
# - {name: e_mvir, unit: solMass, datatype: float64, description: frac error in virial mass}
# - {name: emvir, unit: solMass, datatype: float64, description: elliptical virial mass}
# - {name: e_emvir, datatype: float64, description: frac error in elliptical virial mass}
# - {name: sigvir, unit: solMass / pc2, datatype: float64, description: virial surface density}
# - {name: e_sigvir, unit: solMass, datatype: float64, description: same as e_mvir}
# - {name: sigevir, unit: solMass / pc2, datatype: float64, description: ell. virial surface density}
# - {name: e_sigevir, unit: solMass, datatype: float64, description: same as e_mvir}
# - {name: alpha, unit: '', datatype: float64, description: virial parameter}
# - {name: e_alpha, datatype: float64, description: frac error in virial parameter}
# - {name: halfmax_ell_maj, unit: pix, datatype: float64}
# - {name: halfmax_ell_min, unit: pix, datatype: float64}
# - {name: halfmax_ell_pa, unit: rad, datatype: float64}
# - {name: mlte, unit: solMass, datatype: float64, description: LTE mass using H2/13CO=1000000.0}
# - {name: e_mlte, unit: solMass, datatype: float64, description: LTE mass uncert.}
# schema: astropy-2.0
_idx area_pc2 rad_pc e_rad_pc vrms_k e_vrms_k axratio e_axratio mlumco e_mlumco siglum e_siglum mvir e_mvir emvir e_emvir sigvir e_sigvir sigevir e_sigevir alpha e_alpha halfmax_ell_maj halfmax_ell_min halfmax_ell_pa mlte e_mlte
[from data line 96]
96 0.41160461900159434 0.3059448283281759 0.012071831180930836 0.40038296998008904 0.015335468503489911 0.5582435777170855 0.022741728888796667 12.03154376107606 0.0030668021221320115 29.230827851884374 0.0030668021221320115 57.01685067667744 95.5409697185087 95.5409697185087 0.0376250266579029 138.52334994437123 95.5409697185087 232.11831283686016 95.5409697185087 4.738947204857945 0.03049247141304479 73.9209629738358 42.96115278444888 42.96115278444888 424.76553396285607 0.04015723750373295
97 0.007041447603448738 0.042898826358047225 0.1617459951532877 0.05519983374258138 0.20385069572504677 0.6967002086670382 0.3739115717448702 0.012693413430761847 0.02687346664001032 1.8026710053973711 0.02687346664001032 0.15196020320670983 0.20777902302532883 0.20777902302532883 0.5198655384048876 21.58081857092613 0.20777902302532883 29.507998174063452 0.20777902302532883 11.9715791213766 0.416102711213528 8.127320148717494 5.803320712811853 5.803320712811853 0.03658067102084972 0.0008773989292193286
98 0.10391469645089499 0.16953075294538564 0.03391021635808248 0.16405409149695901 0.052880138875623865 0.3764861111546971 0.07603774026132264 0.38097588592895604 0.005620706006222874 3.6662368167431123 0.005620706006222874 5.304342256805636 13.030275836074956 13.030275836074956 0.13052934955641157 51.04515951997425 13.030275836074956 125.39396525334054 13.030275836074956 13.923039364740225 0.09854585589055424 43.475026891463095 17.190245403396766 17.190245403396766 7.766118649926851 0.011982917612278094
99 0.028805922014108473 0.09107963247617784 0.08241312121746293 0.13351676005493243 0.11179410163722772 0.3286901042662869 0.16332275953856587 0.10165523669167917 0.010003732421500008 3.5289700722612105 0.010003732421500008 1.8875643019066757 5.321793465738906 5.321793465738906 0.27257338948986853 65.52695313769823 5.321793465738906 184.7465067472034 5.321793465738906 18.568293806955243 0.23294742687238212 24.377933867176207 8.987784129028968 8.987784129028968 2.1583835546395416 0.0068590430052366536
100 0.2174313669064928 0.21120770191143565 0.011349021341385102 0.23080244346496093 0.017897504534097785 0.7644369405360679 0.024146507291472802 2.5919727621060007 0.01626939567511169 11.920877833696775 0.01626939567511169 13.079750847330432 16.467091159356915 16.467091159356915 0.04773998991211801 60.15576792540438 16.467091159356915 75.73466236101368 16.467091159356915 5.046253200864279 0.05004550376523505 33.988136025980275 24.764572276439935 24.764572276439935 54.391652525188405 0.03908744704027591
101 0.01813706200888311 0.06379412263554801 0.06368777568401092 0.127380517588281 0.10083023394861251 0.6174270629453634 0.11783804282388669 0.045047912461318035 0.020415320953147856 2.483749156244524 0.020415320953147856 1.2033600875570114 1.8363169880639119 1.8363169880639119 0.2742473820170557 66.34812666834539 1.8363169880639119 101.24666206492137 1.8363169880639119 26.71289349068769 0.2382908437963678 12.944577497635677 8.663840653023996 8.663840653023996 0.2423498560793256 0.00215365968446758
102 0.08727127484274343 0.1415479015784292 0.021489933512095296 0.32544392621439167 0.030297651537776263 0.6766927108660441 0.05528019365797989 0.8101737786535966 0.009495951156183511 9.283395711973633 0.009495951156183511 17.428687874479774 24.464393506903516 24.464393506903516 0.08053416741988467 199.707038838209 24.464393506903516 280.325840902251 24.464393506903516 21.51228333190934 0.07703913377012502 24.26165263095973 18.062203610550004 18.062203610550004 16.317761193810075 0.014729995261606193
103 0.36935593338090195 0.2912251829749617 0.011067317943662688 0.3993597746532018 0.017634060336086544 0.5566428953516075 0.026900894790744558 10.879762653850662 0.0029599744349543167 29.456038662389105 0.0029599744349543167 53.99660808876339 90.72400387568827 90.72400387568827 0.03979312821849664 146.19125674929623 90.72400387568827 245.62757946040153 90.72400387568827 4.963031805629733 0.03313416507137043 71.92480304588109 40.72307790292638 40.72307790292638 386.45436071259127 0.0378260197284568
104 0.34673795016982417 0.28067412046132156 0.0137330374019828 0.4000560765296586 0.016809720612357033 0.5782936094452561 0.025943390955641497 10.448505106266719 0.0027065488029845227 30.13372231435666 0.0027065488029845227 52.22194327420111 84.66844697852483 84.66844697852483 0.04027936567864577 150.60925188207412 84.66844697852483 244.18569394280664 84.66844697852483 4.998030124221297 0.032127809270733665 66.22054465061697 41.00473508172427 41.00473508172427 371.5633598856314 0.03693663738619112
105 0.2645877281295889 0.23204722180369197 0.012779489709797498 0.3998036969296476 0.016074049036361067 0.4184443548042988 0.02557108831080138 8.752554402714852 0.0033993538260082452 33.07997111048194 0.0033993538260082452 43.120014680283795 95.35111160342917 95.35111160342917 0.042333296106227235 162.97057684838887 95.35111160342917 360.3761681521692 95.35111160342917 4.926563457510062 0.03171784000477379 66.04395368205053 27.143087167869858 27.143087167869858 315.61339403205983 0.03349534405877371
106 0.005121052802508173 0.0371015782957735 0.23342935250251823 0.11515051467244102 0.212578944816163 0.5154048432762193 0.3171916864219295 0.01328679720499105 0.02653948589604857 2.5945440747034447 0.02653948589604857 0.5719170806271535 1.0333930468494847 1.0333930468494847 0.510520416224552 111.67959063945636 1.0333930468494847 201.7930856606971 1.0333930468494847 43.044013677902655 0.47843924933538134 8.69134610209223 4.138498471705995 4.138498471705995 0.2743801076950681 0.0028732516615522846
107 0.013016009206374938 0.06156688353661739 0.09520399226107032 0.08155274152400886 0.1808132095917565 0.6290111732167315 0.20555327714306204 0.03916992391974878 0.013737624225532565 3.0093651055935227 0.013737624225532565 0.4760287865517076 0.7141257134153491 0.7141257134153491 0.32795665136372293 36.57256068308248 0.7141257134153491 54.86518195343523 0.7141257134153491 12.152915781174197 0.35414070994013924 11.735161909065383 7.813158658820212 7.813158658820212 0.9298005139505856 0.0038539223063079895
108 0.04651622962278256 0.12706500000041315 0.06008746606221081 0.14871457261959237 0.06538319879421545 0.40211774372159914 0.14707073703942167 0.13925991032805723 0.007472990490106627 2.9937918755962754 0.007472990490106627 3.266945661835395 7.514489904716077 7.514489904716077 0.2017665278624333 70.23238315590655 7.514489904716077 161.5455501371 7.514489904716077 23.459340553497334 0.13579608071985486 30.086900887420267 13.012506240158894 13.012506240158894 3.073904043693076 0.006711102463098658
109 0.014082895206897476 0.06972399221062499 0.1251455516713088 0.07151631567215173 0.24601169787261895 0.3355322562716177 0.2599718050373477 0.035393226260349915 0.017136165427402643 2.513206676636714 0.017136165427402643 0.414573393603883 1.1444490018391917 1.1444490018391917 0.5968947349976755 29.43807984886762 1.1444490018391917 81.26517914289862 1.1444490018391917 11.713354147325035 0.4843987256368645 17.507889989343756 6.625004479705259 6.625004479705259 0.766546838864293 0.004233468740552079
110 0.1457366276713784 0.21454016088199626 0.02477411656769584 0.1484071077698611 0.03715392577398764 0.18153408119484524 0.05703959753500359 0.5846055454924954 0.0037471145777836674 4.011383787545316 0.0037471145777836674 5.493219086187349 29.2087063033816 29.2087063033816 0.09471317231364473 37.69278302894459 29.2087063033816 200.42117599457788 29.2087063033816 9.396453948379223 0.08862674149340283 74.92235116486121 14.79183447571837 14.79183447571837 6.356076311609741 0.010300566501746778
111 0.008321710804075781 0.048624673526019846 0.16093971923381226 0.0566828234949339 0.2993616861645047 0.9174654709874848 0.2685844634587591 0.01905000333382049 0.0180050141462211 2.2891931457760153 0.0180050141462211 0.18162204630608184 0.19526794108493925 0.19526794108493925 0.5682104442635181 21.82508507951605 0.19526794108493925 23.46487947998644 0.19526794108493925 9.533964016879645 0.5282521832615646 8.239808079162572 7.24060801108429 7.24060801108429 0.1912395594975635 0.001869262016431374
112 0.05910548442894849 0.12734845532274014 0.03974135002394672 0.13077666907542185 0.06268207155307019 0.35243054731570556 0.09465312386976107 0.20445880040287348 0.0074139210781997734 3.4592187574176165 0.0074139210781997734 2.5319967282608196 6.648537702869339 6.648537702869339 0.13378875798438725 42.83860884863515 6.648537702869339 112.485969231191 6.648537702869339 12.383897016277489 0.13691914183995726 32.42195521984469 12.426539087959398 12.426539087959398 3.618968479481559 0.008880042076461326
113 0.02112434281034621 0.0796194891656714 0.07788125581903976 0.11009935973928182 0.11982657268446556 0.728418285654664 0.19803254702962386 0.06128015398937396 0.012664126439415389 2.900925938361518 0.012664126439415389 1.1220130010682128 1.4742874832049868 1.4742874832049868 0.29062758678111844 53.11469384593953 1.4742874832049868 69.79092776713107 1.4742874832049868 18.309565626463193 0.27380182527584374 14.40590810723528 11.056304793238436 11.056304793238436 1.1521163713360147 0.004521079348681625
114 0.004267544002090143 0.033592970740166726 0.22790978906258222 0.058068648030396755 0.2569628629978428 0.8517691116261241 0.4164428450405567 0.005196883374997418 0.06531448683624358 1.217769136639741 0.06531448683624358 0.13168634892711453 0.1508702869992573 0.1508702869992573 0.6316919850816208 30.85764291185226 0.1508702869992573 35.35295404695642 0.1508702869992573 25.339485115380324 0.6239400650862011 5.4258639865002145 5.138093031466052 5.138093031466052 0.08586454808941332 0.0025808082455454876
115 0.2912598781426523 0.263478742449684 0.015217373192067387 0.39609289197438025 0.018230936405343907 0.5469541700433589 0.02980517984794023 9.297828036630866 0.0029394033530197486 31.922790381986655 0.0029394033530197486 48.05610803674416 82.08583430159892 82.08583430159892 0.043887403456442625 164.99391657785216 82.08583430159892 281.83021576832215 82.08583430159892 5.168530526421484 0.03744392190250303 63.62992023717167 35.89713374598112 35.89713374598112 334.4291358440987 0.03470775027177913
116 0.193106366094579 0.2003023207794355 0.013814668300065176 0.39849214375490016 0.020843401671740154 0.3978457523862216 0.03623077554078171 6.71044417965656 0.00291467900520412 34.749989424843406 0.00291467900520412 36.97723422312291 85.9613414961349 85.9613414961349 0.054444031676576576 191.4863552712308 85.9613414961349 445.1502207546749 85.9613414961349 5.510400389772023 0.03924360094033845 57.10180502171623 22.97917376229647 22.97917376229647 244.080186883973 0.02859698338128117
117 0.027739036013585933 0.09360761086971342 0.060354961089530305 0.1400903371656529 0.08184798690572823 0.3567037023693128 0.11742033317486468 0.0635373771432369 0.012837261123495364 2.290540201617597 0.012837261123495364 2.135681263499023 5.539803119345625 5.539803119345625 0.2277639567412181 76.99190636808778 5.539803119345625 199.71145055770356 5.539803119345625 33.61299064461541 0.16653099207045494 24.63926042968073 8.860676001647953 8.860676001647953 0.6413898396254311 0.003810293208449372
118 0.007681579203762258 0.05718927243222522 0.19061352096616693 0.07007437429988203 0.25067095861865013 0.4338472952321907 0.37891964106010734 0.01485604043753437 0.022202628275929354 1.9339825891866387 0.022202628275929354 0.3264689964050259 0.6967007744004687 0.6967007744004687 0.4742667163506286 42.50024477325301 0.6967007744004687 90.69759692892849 0.6967007744004687 21.975505369532325 0.5643499777878012 13.561865357255584 5.421881194381878 5.421881194381878 0.3284634616148096 0.0028170402807739525
119 0.04054166801985637 0.10071024079969138 0.06159421012203047 0.12894542569773051 0.08556419353182268 0.33944610476063086 0.13498716167637095 0.06449124798258277 0.017846404866893834 1.5907398765881178 0.017846404866893834 1.9466793879546913 5.310621270774032 5.310621270774032 0.29866549618241867 48.0167561680307 5.310621270774032 130.99168164893987 5.310621270774032 30.185171613990683 0.20609204783216323 31.2845613159621 9.957593825385395 9.957593825385395 0.26936788460644645 0.004047130170040531
120 0.10050066124922288 0.14419293072609413 0.024703953588290826 0.15507810537973102 0.037851796924717795 0.5122133888053727 0.053294541731997526 0.5079992528548123 0.010501749781301578 5.054685676097881 0.010501749781301578 4.0313811195426235 7.327468792933278 7.327468792933278 0.08727939554130397 40.11298104343364 7.327468792933278 72.9096575271532 7.327468792933278 7.935801277044012 0.08418239224519729 32.62773789749139 16.246863610235188 16.246863610235188 4.552794754108796 0.013563018708118709
121 0.09132544164472907 0.13815888052683017 0.029156461758986566 0.1531128344346362 0.03908348165131375 0.4829469085586422 0.052699872819959866 0.4724964076185806 0.010191395959544722 5.173765372596489 0.010191395959544722 3.7653982256349177 7.240610811890049 7.240610811890049 0.09822934971112315 41.230550412041076 7.240610811890049 79.28361124227804 7.240610811890049 7.96915736272541 0.08251850118070134 30.841622132260863 13.739245698083282 13.739245698083282 4.204121417810942 0.012986988890938331
122 0.016856798808256065 0.0711873469270785 0.09201209203020232 0.12230721702914422 0.14638893182587323 0.6635586578002122 0.2660917599459691 0.038177730164614405 0.017991438669308746 2.2648268273757797 0.017991438669308746 1.2379864516535366 1.7688446654906274 1.7688446654906274 0.4025930907503897 73.4413731655384 1.7688446654906274 104.93360486833886 1.7688446654906274 32.4269265437101 0.3421292830644533 13.23156720661987 9.228263540431168 9.228263540431168 0.7628261239838615 0.004229355964860913
123 0.01749693040856959 0.061180986443702345 0.05517133914565214 0.11226614327572976 0.09954407319168793 0.7104751113304757 0.1291028019233511 0.0748159295847903 0.027214195507998532 4.275945999542137 0.027214195507998532 0.8964436543883316 1.204406989543504 1.204406989543504 0.2155329797451889 51.23433844997603 1.204406989543504 68.8353306219709 1.204406989543504 11.98198912134581 0.20926727739569384 13.212597258162228 8.293803621509513 8.293803621509513 0.9822981782217292 0.00604525695190963
124 0.19652040129625112 0.201987696169404 0.015595822060318206 0.39815044814936074 0.020972005098265575 0.39437342190669133 0.03551058720311295 6.74866505969938 0.0029953337885542815 34.34078607200625 0.0029953337885542815 37.22444651996616 87.29466819420279 87.29466819420279 0.05495863779521646 189.417720880037 87.29466819420279 444.20155677683346 87.29466819420279 5.515823676338195 0.039183583010532416 58.89183950110411 23.038406218201253 23.038406218201253 245.48331046297508 0.02868714940920965
125 0.0044809212021946505 0.03311227332286224 0.1545164389839882 0.07168901841499102 0.2672355154450034 0.2670808898761369 0.37948832230759194 0.015086028167726093 0.024796441212650434 3.366724717305296 0.024796441212650434 0.19783502477501078 0.6923436082439686 0.6923436082439686 0.6765485342854731 44.15052527103485 0.6923436082439686 154.5092129504252 0.6923436082439686 13.113791289230392 0.5170865132316704 10.52146423499911 2.699108169276978 2.699108169276978 0.059080609512345256 0.0008537041399198313
