data/OphA_13co_physprop.txt
# %ECSV 0.9
# ---
# datatype:
# - {name: _idx, datatype: int64}
# - {name: area_pc2, unit: pc2, datatype: float64, description: projected area of structure}
# - {name: rad_pc, unit: pc, datatype: float64, description: equivalent radius in pc}
# - {name: e_rad_pc, datatype: float64, description: frac error in radius}
# - {name: vrms_k, unit: km / s, datatype: float64, description: rms linewidth in km/s}
# - {name: e_vrms_k, datatype: float64, description: frac error in linewidth}
# - {name: axratio, unit: '', datatype: float64, description: minor to major axis ratio}
# - {name: e_axratio, datatype: float64, description: frac error in axis ratio}
# - {name: mlumco, unit: solMass, datatype: float64, description: Mass from scaling luminosity with alphascale=1}
# - {name: e_mlumco, datatype: float64, description: frac error in luminous mass}
# - {name: siglum, unit: solMass / pc2, datatype: float64, description: average surface density from mlumco}
# - {name: e_siglum, datatype: float64, description: same as e_mlumco}
# - {name: mvir, unit: solMass, datatype: float64, description: virial mass}
# - {name: e_mvir, unit: solMass, datatype: float64, description: frac error in virial mass}
# - {name: emvir, unit: solMass, datatype: float64, description: elliptical virial mass}
# - {name: e_emvir, datatype: float64, description: frac error in elliptical virial mass}
# - {name: sigvir, unit: solMass / pc2, datatype: float64, description: virial surface density}
# - {name: e_sigvir, unit: solMass, datatype: float64, description: same as e_mvir}
# - {name: sigevir, unit: solMass / pc2, datatype: float64, description: ell. virial surface density}
# - {name: e_sigevir, unit: solMass, datatype: float64, description: same as e_mvir}
# - {name: alpha, unit: '', datatype: float64, description: virial parameter}
# - {name: e_alpha, datatype: float64, description: frac error in virial parameter}
# - {name: halfmax_ell_maj, unit: pix, datatype: float64}
# - {name: halfmax_ell_min, unit: pix, datatype: float64}
# - {name: halfmax_ell_pa, unit: rad, datatype: float64}
# - {name: mlte, unit: solMass, datatype: float64, description: LTE mass using H2/13CO=1000000.0}
# - {name: e_mlte, unit: solMass, datatype: float64, description: LTE mass uncert.}
# schema: astropy-2.0
_idx area_pc2 rad_pc e_rad_pc vrms_k e_vrms_k axratio e_axratio mlumco e_mlumco siglum e_siglum mvir e_mvir emvir e_emvir sigvir e_sigvir sigevir e_sigevir alpha e_alpha halfmax_ell_maj halfmax_ell_min halfmax_ell_pa mlte e_mlte
[from data line 64]
64 2.0255897605920867 0.676077227368579 0.0035064560512803305 0.48967342530043656 0.004597103784214005 0.5954295626006489 0.008148707279286247 62.31839177827924 0.0018889056786838858 30.76555430457121 0.0018889056786838858 188.45961255822124 297.3787944658726 297.3787944658726 0.010647662740615675 93.03937856752093 297.3787944658726 146.8109684652769 297.3787944658726 3.024141143255688 0.009361391697648148 120.96755968209999 108.16672294651293 108.16672294651293 1805.4543868093738 0.11067229344893924
65 0.5174397102534298 0.5401337172359141 0.013545942251796636 0.20162547947338752 0.02009060351615804 0.1986008246443385 0.01910174260947463 2.6429964089307436 0.002320906587688679 5.107834510104116 0.002320906587688679 25.52707358817124 122.92484614057064 122.92484614057064 0.04440101810159114 49.333425870366 122.92484614057064 237.56361118934018 122.92484614057064 9.658383757887332 0.043306966965324135 186.94065224490438 37.33030730647237 37.33030730647237 39.812764768453455 0.02844928296347426
66 0.6367175651118494 0.5470318891141646 0.010791818988753869 0.21711910578719776 0.014785719463483253 0.20360355366864244 0.016266073088124146 3.8106965875781373 0.0021002807958607184 5.984908845586393 0.0021002807958607184 29.979034577492925 140.4809700794646 140.4809700794646 0.02799657700293309 47.083724747293 140.4809700794646 220.63309978700985 140.4809700794646 7.867074664305903 0.03153327427073484 186.4758039171039 38.86167204155194 38.86167204155194 57.97274672113123 0.03540194765590179
67 0.1811572428887266 0.2449074757550881 0.02620898279973983 0.17808393657514715 0.046530588524114305 0.21229797613914977 0.04757999155642649 0.8226368747584086 0.003090042455441719 4.541010128221604 0.003090042455441719 9.02943242440564 40.42410765945368 40.42410765945368 0.08614440471453036 49.84306605920166 40.42410765945368 223.14375630172097 40.42410765945368 10.976206758367592 0.10765046600740907 79.68321228574597 18.680251389353067 18.680251389353067 9.314403186390496 0.012887745919819218
68 0.18563816409092124 0.1979657704295229 0.013211552159879864 0.4145898002240739 0.017900769439317562 0.561067108778947 0.03232174361052222 1.6499673246470483 0.008691859054509227 8.888082538022369 0.008691859054509227 39.55817492971419 65.97353070401611 65.97353070401611 0.048768315289094144 213.09290103913935 65.97353070401611 355.3877567529908 65.97353070401611 23.97512625783438 0.047743182243514294 42.63912998442859 26.137811975163988 26.137811975163988 31.142612228080196 0.02469999342460088
69 1.8043176040837126 0.6492427255211736 0.003805602931516544 0.4743488808769027 0.005352318860931924 0.5514090851043677 0.00801116121122368 56.00475672809351 0.0022056640200209415 31.039300731388934 0.0022056640200209415 169.82896715582163 287.88488497585325 287.88488497585325 0.0126139756193927 94.12365471103739 287.88488497585325 159.55333158878642 287.88488497585325 3.0324025507396017 0.011800111982291818 112.78722010762968 87.56807221781912 87.56807221781912 1653.0860492861673 0.1031599533336759
70 1.5077232959384477 0.6085486388531498 0.0037614342591170504 0.4512740008073129 0.006920409599634859 0.5127284635329162 0.008632157543873168 45.78800467953667 0.0020227124870918784 30.368970754038113 0.0020227124870918784 144.07374243582942 261.6190004476347 261.6190004476347 0.014524175305838969 95.55715085383358 261.6190004476347 173.51924000404594 261.6190004476347 3.1465389995519524 0.013357955621788861 98.3934255393088 68.14222931288396 68.14222931288396 1398.9223090663284 0.0912044458812239
71 2.001264759780173 0.6726512698212043 0.00365940480216342 0.48782275540491293 0.004506938730348961 0.5918084102711229 0.008221946386812205 61.60854843423107 0.002222804022934562 30.784806524549207 0.002222804022934562 186.08998110159376 295.3040986850471 295.3040986850471 0.011726406028422055 92.98618795547804 295.3040986850471 147.55873616516612 295.3040986850471 3.02052208388338 0.0100454457993807 119.58085570914022 107.38091078370422 107.38091078370422 1788.6831792164573 0.10981534904179709
72 1.295412981834463 0.5844873112837682 0.004552649685418637 0.43517549919804704 0.007439548094414835 0.46467942163130105 0.010991930398353169 36.55131139411694 0.0022377743017287332 28.215952678161226 0.0022377743017287332 128.68054018089498 256.83259096836247 256.83259096836247 0.017627407101006652 99.33553390723907 256.83259096836247 198.2630980003428 256.83259096836247 3.5205450987349955 0.01571439049269638 108.41603828872441 62.14381770520704 62.14381770520704 1154.837261701619 0.07999426359911062
73 0.8242761240037112 0.4355902116737661 0.006147837854956578 0.41203342431416795 0.009198136692253183 0.68464210185462 0.011636832307965951 26.779016599464008 0.002621070178515343 32.4879197875971 0.002621070178515343 85.97098897736772 119.41126312573253 119.41126312573253 0.02092398638340893 104.29877376501646 119.41126312573253 144.8680359024871 119.41126312573253 3.2103863358107207 0.01973035848233373 81.39511554692285 60.20965897851696 60.20965897851696 863.0580666430642 0.06695366442852109
74 0.02197785161076424 0.07660570937508801 0.07001387624138482 0.09922514923187727 0.1219741647616815 0.6253021471628942 0.1828322181046408 0.05811965191356491 0.01443890709518386 2.6444646611909626 0.01443890709518386 0.8768263156739491 1.3225433721478779 1.3225433721478779 0.2878161859505341 39.89590662467208 1.3225433721478779 60.17618990111512 1.3225433721478779 15.08657204241275 0.26033073030617876 15.033199454662123 9.284868179080476 9.284868179080476 1.0080582198249057 0.005384177830040198
75 0.34951185377118277 0.35699792990861196 0.016072813173729623 0.20040054468180746 0.023576438477900623 0.1197420230308796 0.03176668402359753 1.8928218126632461 0.002608537052500288 5.415615499846344 0.002608537052500288 16.667574636168947 142.0226233966566 142.0226233966566 0.04842501606893964 47.68815265155733 142.0226233966566 406.3456557030981 142.0226233966566 8.805675486546336 0.050819428751608026 145.98255850886537 20.98784539360213 20.98784539360213 26.688924026321413 0.023186750459018343
76 0.003840789601881129 0.03899046404491266 0.2211336578026145 0.08265765333956464 0.294109760711064 0.5406545456960816 0.3784565685851629 0.009436314476772328 0.034557346987362784 2.456868366897953 0.034557346987362784 0.30969447847107756 0.5348010765897728 0.5348010765897728 0.6293821020952739 80.63302356353924 0.5348010765897728 139.24248189170262 0.5348010765897728 32.81943170009823 0.5593019032241691 9.159468889965797 3.963466655007162 3.963466655007162 0.12711927066535306 0.002015732868384926
77 2.1531893262545823 0.6978177060328321 0.003622027327110189 0.4879603520166687 0.005327450148601746 0.6308627242427285 0.0076583935541577565 63.07322107006715 0.001998637524084787 29.29292854139371 0.001998637524084787 193.16123444580967 288.9961490092324 288.9961490092324 0.011968448987648561 89.70935908446504 288.9961490092324 134.2177139211134 288.9961490092324 3.062491992144013 0.01134073344604687 155.34666107975383 87.34910710570783 87.34910710570783 1822.2492703440112 0.11168488472019329
78 2.53513451444165 0.7577994587661976 0.0036384473654822785 0.5100582258121861 0.004400053476976513 0.7223026897237547 0.006584848582172634 74.45973942086876 0.0018591293287112981 29.371119755855688 0.0018591293287112981 229.1937223774435 303.42338346107795 303.42338346107795 0.010624462619856214 90.40692755032062 303.42338346107795 119.68729143664605 303.42338346107795 3.0780892353379308 0.009109821671504193 145.77399146441752 113.57687892884283 113.57687892884283 2077.281157229792 0.12527507961625373
79 0.1634469352800525 0.20144085636884693 0.020731132636601646 0.2038018996448244 0.028756995940090922 0.22451479605764427 0.04383831519246186 1.0038848753759544 0.0037642895414302206 6.141962060382977 0.0037642895414302206 9.72686593630478 40.98188583498663 40.98188583498663 0.07675326762337431 59.510849314112974 40.98188583498663 250.73511329391178 40.98188583498663 9.689224506606969 0.06229616227228806 66.43403734729532 16.86372322948356 16.86372322948356 16.367964559283585 0.018664110076575834
80 0.36316799457787124 0.3657697123789975 0.015316714957741975 0.20159684451671203 0.022140030811318646 0.1249785817570158 0.03434217316640574 1.9623742230453494 0.0026455387435849226 5.403488887632616 0.0026455387435849226 17.281606673968568 140.15725275716395 140.15725275716395 0.05073331811923854 47.58570945673741 140.15725275716395 385.92952806889247 140.15725275716395 8.806478637468935 0.05310974674965754 147.24800150096732 22.1588174043266 22.1588174043266 27.843112683871425 0.023916121437178008
81 0.5274684386583417 0.5402242296222899 0.013780141763090871 0.2010383551144437 0.018856867960500075 0.19841719460382543 0.01842453425272866 2.691780879618219 0.0021896498111434 5.103207476195125 0.0021896498111434 25.382875454533014 122.35461195685184 122.35461195685184 0.03698611196138754 48.12207441092854 122.35461195685184 231.96574996614132 122.35461195685184 9.429770322959245 0.038716982071901725 186.54315834654378 37.16564110038889 37.16564110038889 40.58086923950376 0.028757561905546764
82 0.005121052802508173 0.03594168683817728 0.1805814642591369 0.0700351801230799 0.2379673523678065 0.3166787856795776 0.4438160943180131 0.009788182339706079 0.0494779516317316 1.9113613386122583 0.0494779516317316 0.2049462004676517 0.6003745040536796 0.6003745040536796 0.7371714525017143 40.02032557978582 0.6003745040536796 117.23653850232323 0.6003745040536796 20.938126544320777 0.5285743662800346 10.06052945786721 3.428989537693042 3.428989537693042 0.02702580234288208 0.0009930770236796305
83 0.005121052802508173 0.041001594504302206 0.19630918180829593 0.07973052650491547 0.3264106334060509 0.6751912871361495 0.3629773601546799 0.011760741389237998 0.031281217445449386 2.2965475738656433 0.031281217445449386 0.3030113705460887 0.42618707480711926 0.42618707480711926 0.6574349966466279 59.169741502700525 0.42618707480711926 83.22255037057667 0.42618707480711926 25.7646487170756 0.6266674520493881 7.805353947278038 5.027016431458684 5.027016431458684 0.12531192706233665 0.001827936904257695
84 0.05313092282602229 0.11340791927886851 0.051069120797977194 0.16101802362442091 0.054964678230228645 0.35319186068000286 0.0817799555278073 0.24367600940148276 0.00585728957470305 4.586331206770154 0.00585728957470305 3.418229999366832 8.955991667024275 8.955991667024275 0.13712813845097793 64.33598020798281 8.955991667024275 168.5645795453385 8.955991667024275 14.027765834489378 0.1250981307327982 31.498343147755172 11.4667259601796 11.4667259601796 3.1022949892615554 0.00740181723428266
85 0.09473947684640119 0.15340058720846028 0.030017962596652688 0.18574040960133867 0.043882896428974374 0.2983365663570412 0.05987467354488102 0.4585946453663482 0.005348689384164601 4.840586634332555 0.005348689384164601 6.152459102431371 19.172144770413716 19.172144770413716 0.10615809063099196 64.94081777975408 19.172144770413716 202.36701118264617 19.172144770413716 13.415898254800775 0.10011433722059644 45.00949330468361 14.362052583684568 14.362052583684568 6.75301624682098 0.01144220832591072
86 0.09111206444462457 0.16015937645638664 0.03549025827859451 0.16979134100277357 0.050218885390331765 0.39670140004548005 0.08754112267916346 0.33200699281736096 0.004504035709665689 3.643941061385408 0.004504035709665689 5.367751001130003 12.514287554290775 12.514287554290775 0.13338964549754215 58.913723817468494 12.514287554290775 137.35049941598697 12.514287554290775 16.167584169176926 0.11187863623639946 40.463385896203974 16.760831120422964 16.760831120422964 6.709976014832833 0.010718018912355118
87 0.005974561602926201 0.03714062955267352 0.18216463518482315 0.15640257648699196 0.2367966710944083 0.3780041350148298 0.34045825341148567 0.012573322031979433 0.030003758176270937 2.1044760883913747 0.030003758176270937 1.0561995611941566 2.5841285380797454 2.5841285380797454 0.6535475140440242 176.78277192369305 2.5841285380797454 432.52186684527607 2.5841285380797454 84.003221941487 0.5340246407482611 10.000847753735723 4.096213199278826 4.096213199278826 0.2572167038611258 0.003404533657406868
88 0.08492412564159385 0.14569298555552468 0.0410758704375326 0.17021285580572296 0.049821372789388564 0.3215011034889273 0.05148981940385969 0.3959180049590318 0.00539712553825757 4.662020385466534 0.00539712553825757 4.907183237619395 14.153173372117093 14.153173372117093 0.11116875300923222 57.783147021486336 14.153173372117093 166.65668636787473 14.153173372117093 12.39444323358614 0.11104033943889739 42.87554867087911 13.827454578892329 13.827454578892329 5.428057973929193 0.010006940591694227
89 0.6407717319138351 0.5469833524366365 0.010497236695999777 0.21774856525507175 0.017872512648829022 0.2041569078198482 0.017199629994328832 3.852879542134644 0.0020664256308944614 6.01287377429556 0.0020664256308944614 30.150438200086413 140.8652986202067 140.8652986202067 0.03677893779146108 47.0533213286955 140.8652986202067 219.83694286805542 140.8652986202067 7.825429752050308 0.0352817962621274 186.18088456460214 38.97006900144132 38.97006900144132 58.62554708777726 0.03563087281292802
90 0.003627412401776622 0.04131667300176003 0.22507949599674676 0.07199337979861649 0.3666435107002031 0.5409335235266579 0.38230457359175213 0.007395565728717999 0.04420996846893387 2.0387992622773807 0.04420996846893387 0.24895415750723998 0.42970156689704575 0.42970156689704575 0.86610894980387 68.63133549008876 0.42970156689704575 118.4595296323594 0.42970156689704575 33.66262523237631 0.8319700235631141 7.632868792128958 4.272168621296145 4.272168621296145 0.1305320601678776 0.0019335506170240647
91 0.00682807040334423 0.04809322687424058 0.1325929162157508 0.06677393540182595 0.21224732873676427 0.9233359203027202 0.28140613412840076 0.01602938278431186 0.03150753205752447 2.3475713982768895 0.03150753205752447 0.24929110257447057 0.26657525590732023 0.26657525590732023 0.48949544967867603 36.50974401968286 0.26657525590732023 39.04108191045568 0.26657525590732023 15.552133599208487 0.46753312414948556 7.3589375442380165 7.138306046955688 7.138306046955688 0.14829649493247185 0.002266452706549777
92 0.1429627240700198 0.18797761055551393 0.01545536477582247 0.194184932850038 0.02699514755657971 0.6594717427968209 0.042931743097717995 0.9235516617668493 0.0068617868369100395 6.460087185485604 0.0068617868369100395 8.240358358367533 11.840075517313931 11.840075517313931 0.06222670426696202 57.63990866830152 11.840075517313931 82.81931947180118 11.840075517313931 8.92246606172835 0.05857918091119991 37.85253467039847 24.074604860724918 24.074604860724918 13.292989522161564 0.01864944494590271
93 0.05974561602926202 0.12421833688658725 0.02648512181560446 0.15753559573884904 0.04145692113715431 0.6150395639594491 0.058250472058916314 0.2666872426453344 0.01854499291023074 4.463712325180766 0.01854499291023074 3.5838681621869917 5.488479305952985 5.488479305952985 0.10002164578779006 59.98545835449577 5.488479305952985 91.86413448753888 5.488479305952985 13.43846869703158 0.0952780324154171 21.10308848631842 15.125160793878257 15.125160793878257 3.8623148606868782 0.013430655581448585
94 0.013016009206374938 0.05452765293013592 0.09709456300990127 0.11222585591083442 0.1394640712659999 0.5253271604287231 0.19525959613855542 0.022132385469451097 0.03867369037189059 1.7003971892253402 0.03867369037189059 0.7983835362375706 1.4167057086940367 1.4167057086940367 0.3419061134810052 61.33858109492893 1.4167057086940367 108.84332411198413 1.4167057086940367 36.07309014835133 0.3088120457418935 10.742477133048043 6.242418909764763 6.242418909764763 0.13024262529068895 0.0031585454347292947
