data/OphA_13co_physprop.txt
# %ECSV 0.9
# ---
# datatype:
# - {name: _idx, datatype: int64}
# - {name: area_pc2, unit: pc2, datatype: float64, description: projected area of structure}
# - {name: rad_pc, unit: pc, datatype: float64, description: equivalent radius in pc}
# - {name: e_rad_pc, datatype: float64, description: frac error in radius}
# - {name: vrms_k, unit: km / s, datatype: float64, description: rms linewidth in km/s}
# - {name: e_vrms_k, datatype: float64, description: frac error in linewidth}
# - {name: axratio, unit: '', datatype: float64, description: minor to major axis ratio}
# - {name: e_axratio, datatype: float64, description: frac error in axis ratio}
# - {name: mlumco, unit: solMass, datatype: float64, description: Mass from scaling luminosity with alphascale=1}
# - {name: e_mlumco, datatype: float64, description: frac error in luminous mass}
# - {name: siglum, unit: solMass / pc2, datatype: float64, description: average surface density from mlumco}
# - {name: e_siglum, datatype: float64, description: same as e_mlumco}
# - {name: mvir, unit: solMass, datatype: float64, description: virial mass}
# - {name: e_mvir, unit: solMass, datatype: float64, description: frac error in virial mass}
# - {name: emvir, unit: solMass, datatype: float64, description: elliptical virial mass}
# - {name: e_emvir, datatype: float64, description: frac error in elliptical virial mass}
# - {name: sigvir, unit: solMass / pc2, datatype: float64, description: virial surface density}
# - {name: e_sigvir, unit: solMass, datatype: float64, description: same as e_mvir}
# - {name: sigevir, unit: solMass / pc2, datatype: float64, description: ell. virial surface density}
# - {name: e_sigevir, unit: solMass, datatype: float64, description: same as e_mvir}
# - {name: alpha, unit: '', datatype: float64, description: virial parameter}
# - {name: e_alpha, datatype: float64, description: frac error in virial parameter}
# - {name: halfmax_ell_maj, unit: pix, datatype: float64}
# - {name: halfmax_ell_min, unit: pix, datatype: float64}
# - {name: halfmax_ell_pa, unit: rad, datatype: float64}
# - {name: mlte, unit: solMass, datatype: float64, description: LTE mass using H2/13CO=1000000.0}
# - {name: e_mlte, unit: solMass, datatype: float64, description: LTE mass uncert.}
# schema: astropy-2.0
_idx area_pc2 rad_pc e_rad_pc vrms_k e_vrms_k axratio e_axratio mlumco e_mlumco siglum e_siglum mvir e_mvir emvir e_emvir sigvir e_sigvir sigevir e_sigevir alpha e_alpha halfmax_ell_maj halfmax_ell_min halfmax_ell_pa mlte e_mlte
[from data line 32]
32 5.140256750517578 1.2870951570109987 0.002753538997407785 0.6206044312908935 0.002568701677121425 0.3865759044299704 0.006243684742227219 118.84767316623834 0.0018791614446790343 23.120960476200228 0.0018791614446790343 576.3009244059239 1378.6838485941075 1378.6838485941075 0.01073445662348681 112.11520209528358 1378.6838485941075 268.2130320543398 1378.6838485941075 4.849072001601766 0.007781331456436688 405.6028575954207 118.80377674562963 118.80377674562963 2846.3664732927164 0.178517024644678
33 4.568832608637708 1.2351406905692688 0.003344049204124735 0.6007799006912913 0.0032626858934087987 0.41069091932887314 0.00698635500975966 109.45294092415682 0.00173806670318899 23.95643489263059 0.00173806670318899 518.2700763272786 1167.42721527285 1167.42721527285 0.012083081437714385 113.43599573936056 1167.42721527285 255.5198045701531 1167.42721527285 4.735095027610115 0.00790587196339958 391.0870940733951 108.21224930993837 108.21224930993837 2700.4948487410957 0.16672349900458294
34 4.768980422335735 1.254347481583623 0.0028887069621921996 0.6083346335283699 0.0034825615701526208 0.3986810782437949 0.0062556308069155854 112.9196207528975 0.0019404074756439065 23.677937578446194 0.0019404074756439065 539.6496035155742 1251.9138751711905 1251.9138751711905 0.01192983545820195 113.15827613552383 1251.9138751711905 262.5118503963227 1251.9138751711905 4.77905965249823 0.008749054027734545 407.31479283569837 109.36373257714466 109.36373257714466 2755.901909697473 0.1711416317454136
35 4.713075595908355 1.2513597222236907 0.002967188691129202 0.6071429327236253 0.0027317432190122407 0.40020876833444086 0.006725176957056021 112.22821311694686 0.0019472892834718968 23.8120969700502 0.0019472892834718968 536.2570019843932 1239.3216031660647 1239.3216031660647 0.011317450568741753 113.78069183739457 1239.3216031660647 262.9538987751393 1239.3216031660647 4.778272656142081 0.008076885172307082 402.04788785965735 108.0802441316857 108.0802441316857 2744.669835564649 0.17018681464559637
36 0.008535088004180286 0.048946982873174644 0.09222182250435848 0.13860582150524212 0.15984453776482066 0.9073095916402575 0.1925262975353556 0.019300129222452833 0.020074864102150324 2.261268918727034 0.020074864102150324 1.0931953726517718 1.1865001596777471 1.1865001596777471 0.3794544502236028 128.08249570670512 1.1865001596777471 139.01440255761008 1.1865001596777471 56.64186804407513 0.38191588193079096 8.182853497167365 6.962105187649481 6.962105187649481 0.14862625450118722 0.0018629233482871206
37 4.387675365748982 1.2140967915925318 0.003479138551529991 0.5914586644306801 0.003156162854637733 0.4247574770835918 0.0072184592121967844 105.27265988798226 0.0016203147686082952 23.992809657195792 0.0016203147686082952 493.7544508415746 1075.8442965831396 1075.8442965831396 0.012405112129935766 112.53212913059033 1075.8442965831396 245.19687691149218 1075.8442965831396 4.690243899669346 0.008585936523981935 415.2033637658918 105.0861666057351 105.0861666057351 2632.5015189123064 0.161607008977623
38 4.477933921393188 1.224755453233569 0.003191927307290466 0.5958595264347853 0.0031014949895153817 0.41770303530326713 0.007082788518798251 107.30260874600755 0.0016703392985596664 23.9625261626512 0.0016703392985596664 505.5289969396511 1119.8319454647194 1119.8319454647194 0.013154814614796458 112.89335792216636 1119.8319454647194 250.07781828015766 1119.8319454647194 4.711246099675657 0.00859338813618594 400.27707510158626 113.95222088499513 113.95222088499513 2665.7002009004573 0.16405920955976866
39 4.77815564194023 1.254985039403045 0.0026824984396526556 0.6087385256439987 0.0030283041010396522 0.39837783497247975 0.006802365535948349 113.10202856722564 0.00197727109203446 23.670645546677747 0.00197727109203446 540.6410780273992 1255.1636004085683 1255.1636004085683 0.01179880261826235 113.14848626568914 1255.1636004085683 262.68788513111167 1255.1636004085683 4.7801183133161285 0.008288724696880405 395.1828795599002 114.54953612925607 114.54953612925607 2758.5026341278026 0.17135644833402267
40 0.0623061424305161 0.12334644268646841 0.0334981627155721 0.16715301504557264 0.0494918056870192 0.3973072988293539 0.06271488237268268 0.21980887815851657 0.012615845689590082 3.527884564569982 0.012615845689590082 4.006489175934511 9.326485707517472 9.326485707517472 0.13069853826748554 64.30327764878966 9.326485707517472 149.68806194218143 9.326485707517472 18.22714901008323 0.10564312343323548 28.482635384027226 11.735958003772401 11.735958003772401 1.9206306079150757 0.005559586302226493
41 1.1535171437649656 0.6704862636099986 0.007695464083895121 0.2674616095842675 0.00997327017821228 0.24967756143651398 0.01208747314614165 8.169018397723036 0.0020620500781943054 7.081835273865258 0.0020620500781943054 55.75986428589895 209.60600698832184 209.60600698832184 0.0218817904462745 48.338999196756 209.60600698832184 181.7103526560417 209.60600698832184 6.825772886181893 0.022249156984197476 214.75896750693397 52.86477613502951 52.86477613502951 115.54427695906992 0.053471401810812905
42 3.158836070347124 0.8481362642123326 0.002658156412852281 0.5516069807569279 0.003664675620745299 0.8127479214469129 0.004441908261430539 95.50021290213944 0.0020931323274479404 30.232722045511192 0.0020931323274479404 300.0088428318581 357.96349449930887 357.96349449930887 0.009131646020184087 94.97448938491137 357.96349449930887 113.32132675690647 357.96349449930887 3.1414468482838025 0.008488956092042131 158.6040146078509 113.35828684515353 113.35828684515353 2490.1695340564806 0.15044815445024
43 0.014082895206897476 0.05539746533574023 0.047782889962991716 0.23171489318300015 0.07807951664087577 0.7321078814134371 0.1184230658757894 0.14153487714635563 0.02864767958901227 10.050126416976752 0.02864767958901227 3.457854434305024 4.523127712063504 4.523127712063504 0.1967572758743582 245.53576402467633 4.523127712063504 321.17882336070926 4.523127712063504 24.431111991777076 0.18826751351429535 9.382421410874654 6.236554570690883 6.236554570690883 2.7487611722272374 0.007294303079141744
44 0.039901536419542846 0.11322909304197581 0.04507607082559131 0.14807208225754356 0.07489866019108496 0.419213296904234 0.08294832362978935 0.16644104283996716 0.00853672357311103 4.171294084767328 0.00853672357311103 2.8861128705596766 6.370501107929705 6.370501107929705 0.1714185569473266 72.33087067660195 6.370501107929705 159.65553408639127 6.370501107929705 17.340151331151358 0.16488843568358205 28.289363105494154 11.762769235355226 11.762769235355226 1.7219241981736306 0.004619723538526697
45 0.7623967359734041 0.5627060406646666 0.009250724397666103 0.23090210146459428 0.01370150153640996 0.21245504391236963 0.013690296692719412 4.9996604904604185 0.0019958164836730917 6.557819904720618 0.0019958164836730917 34.8775736013355 156.01868679966947 156.01868679966947 0.02752853504046966 45.747275605534846 156.01868679966947 204.64238556906955 156.01868679966947 6.9759884031892785 0.031154740719294683 190.92322689864451 42.292733613733084 42.292733613733084 75.40969976105525 0.04146351037782705
46 4.815923406358727 1.2576354615059913 0.0027260182411504305 0.6095124910510346 0.00314056279652335 0.3980338665780375 0.00654630080372253 113.63625185911481 0.001833920745753227 23.595942516252368 0.001833920745753227 543.1614146037895 1262.0989620087666 1262.0989620087666 0.010210452976071744 112.78447948043022 1262.0989620087666 262.06790588536944 1262.0989620087666 4.779825150139553 0.0071827789272724835 396.53491838865693 113.08469054081804 113.08469054081804 2766.527223017293 0.17197265443983617
47 5.764811815223471 1.330505779270354 0.0024806838175350705 0.6338104959787136 0.00274894579976892 0.3891418576602049 0.005680521224920197 125.98218254064807 0.001841006166481466 21.853650488288213 0.001841006166481466 621.3617776570327 1476.6896424918834 1476.6896424918834 0.009672940284839664 107.78526647065335 1476.6896424918834 256.15574104124335 1476.6896424918834 4.932140125898761 0.007106621726148462 393.9260296056823 134.36929409986638 134.36929409986638 2945.586123628936 0.1877543287620487
48 0.09281908204546062 0.16404073075535203 0.02602901173288758 0.18865620674580885 0.03980909217232685 0.3183094094432257 0.05295551274340155 0.3194290121291916 0.010973465828099015 3.4414153328164003 0.010973465828099015 6.787390038872146 19.77816070519715 19.77816070519715 0.1030903254469892 73.12494251502984 19.77816070519715 213.08291645795708 19.77816070519715 21.248508373206302 0.09229961102518272 43.1865067882035 14.884566721849609 14.884566721849609 2.5828117023824766 0.006733762291841324
49 0.20334847169959536 0.23686886516314368 0.018739997836349734 0.23339210793939066 0.03139105560323399 0.3373657953203135 0.04606971983372892 0.9617834709132917 0.0069946018036730895 4.7297305107565535 0.0069946018036730895 14.999929843663505 41.178051114490415 41.178051114490415 0.09468079116933406 73.76465492114812 41.178051114490415 202.49992916259697 41.178051114490415 15.595953036518551 0.0738158496800009 64.9071334612414 25.984695674118466 25.984695674118466 8.220065948575877 0.0187552659266937
50 0.11138289845455275 0.16785277003612642 0.03157653527334369 0.11851849376172241 0.04341257282797062 0.134826374722997 0.06199812087947572 0.4343836894617936 0.006226219186859298 3.8999136805461565 0.006226219186859298 2.7410040366981385 20.376708255204782 20.376708255204782 0.1256114517571102 24.608840986630838 20.376708255204782 182.94288026199132 20.376708255204782 6.310098889979672 0.08975133076996186 74.91831896704132 10.89379067751029 10.89379067751029 2.8930850468952753 0.00820491247370408
51 2.622405789284393 0.7705402145558076 0.002985594911946503 0.5145366435991802 0.0038887860835923587 0.7420406635369203 0.006177936487657516 76.66812663184406 0.001890721477514727 29.23579826780561 0.001890721477514727 237.1574890277519 306.5291848589274 306.5291848589274 0.010791580611915715 90.43508445444206 306.5291848589274 116.88854032867799 306.5291848589274 3.093299646756318 0.008532058275905448 146.55088656706255 116.42648371478293 116.42648371478293 2122.5556063980694 0.12782198716272505
52 0.8816745908318236 0.5957585748672629 0.010065738150976536 0.24069026121876924 0.012881658529524243 0.21938591810427102 0.01334265272245413 6.09490417805285 0.001948869295309749 6.912872664621717 0.001948869295309749 40.12326387580292 173.3328587538778 173.3328587538778 0.02494970058695264 45.5080188235302 173.3328587538778 196.5950482823208 173.3328587538778 6.583083622591285 0.02614862161437115 204.95820400180423 46.29307659858884 46.29307659858884 90.87384847645879 0.046312265424224695
53 0.005974561602926201 0.04474035963788871 0.17102513541433825 0.06284176722252516 0.2357056619867152 0.6784424068085227 0.3232588593521235 0.013061555607225819 0.034919512589261306 2.186194816508139 0.034919512589261306 0.20540223536891414 0.2876485134088909 0.2876485134088909 0.531458328101628 34.37946564452744 0.2876485134088909 48.14554314211228 0.2876485134088909 15.72570998015604 0.4800917282962004 8.633261891215364 5.5620299237590025 5.5620299237590025 0.11941078870985937 0.0023614737772624243
54 0.6072715114974274 0.5405634015839438 0.012169291182311087 0.2133179755673254 0.016581602274889154 0.19779810142822685 0.014606037120300161 3.6714516037046527 0.0020198464969856693 6.0458156429098455 0.0020198464969856693 28.596340610528426 138.31833479080296 138.31833479080296 0.03226538282647877 47.089876717606515 138.31833479080296 227.770168980484 138.31833479080296 7.788837685256014 0.03550413912322666 186.91266474729727 37.55670269396532 37.55670269396532 55.80047906825464 0.03459295193754069
55 0.5567011150726592 0.5420237983163901 0.01281502019272296 0.20798682823433073 0.017360163611446697 0.19825613280879575 0.016546584480296427 3.073521091485313 0.0019429577336302077 5.520953718736786 0.0019429577336302077 27.25831053856412 131.51204565994053 131.51204565994053 0.034820941732535686 48.96399486285641 131.51204565994053 236.23456483067383 131.51204565994053 8.868756623821065 0.03849026451034449 187.10094885610033 37.48337119106658 37.48337119106658 46.49583397200936 0.0311192902114239
56 0.6749120839305562 0.5500776891955313 0.010572097237949569 0.2215142450621259 0.015583982206815929 0.20778018471658194 0.013687726221403167 4.159504314455595 0.0018772938550953985 6.163031324363692 0.0018772938550953985 31.378795293087045 143.81329501920192 143.81329501920192 0.03174898012871714 46.49315968732263 143.81329501920192 213.08448676998248 143.81329501920192 7.543878529957474 0.03152511864229555 185.41095058667096 39.7304190837832 39.7304190837832 63.01425336235661 0.03726122479983343
57 0.02923267641431748 0.10192647543206286 0.06421102061209052 0.1396365456352255 0.10483681467108198 0.43365826197508617 0.13584575193065102 0.06723444232910365 0.017156698187712215 2.299975594987731 0.017156698187712215 2.310436918218525 4.932692874739279 4.932692874739279 0.21696529927773361 79.03610622142443 4.932692874739279 168.7390098952199 4.932692874739279 34.36388907502562 0.19149763024630598 26.31501509623146 10.05336740930381 10.05336740930381 0.6586942902224117 0.004559246631076329
58 0.1536315840752452 0.2015386075500966 0.022529823105894548 0.22244693630928786 0.039781648563725895 0.26277755829902494 0.049658508266496364 0.7287747351545866 0.007603797573353689 4.7436517662777575 0.007603797573353689 11.593645763393026 41.27633635459766 41.27633635459766 0.12951688010526052 75.46394729429286 41.27633635459766 268.6709025559579 41.27633635459766 15.908407912815198 0.08930884059020001 66.5465485605465 14.567495491343296 14.567495491343296 6.122754334389993 0.01580434832190805
59 0.03520723801724369 0.09138347329484804 0.05940800885385007 0.17951663778193616 0.07731208256755463 0.5051317915442582 0.11259360033794842 0.11734877117556446 0.012588097580268551 3.3330865408439525 0.012588097580268551 3.4236234109740846 6.305966477074446 6.305966477074446 0.23983177386427382 97.24203328012477 6.305966477074446 179.10994534663385 6.305966477074446 29.174770018273406 0.18683311132594904 23.493427551401037 10.873413908381083 10.873413908381083 0.7233812132238121 0.005039077667253795
60 0.23322127971422632 0.2408443600725116 0.015596176752869373 0.4233139159206079 0.01604631967564421 0.48691772694037017 0.026842460825864514 1.8777252366540549 0.009406434809575946 8.051260326480042 0.009406434809575946 50.17304827620465 95.722592480879 95.722592480879 0.052485179393388065 215.13066190908194 95.722592480879 410.43678603500945 95.722592480879 26.72012246350202 0.04131833352640843 67.67797082247031 29.78491142405805 29.78491142405805 34.74160109393443 0.027433682266520515
61 2.5274529352378874 0.7557273135998467 0.002790441638013048 0.5095574282259551 0.004698472199086535 0.7191279534852547 0.006579471504868614 74.175394142731 0.001762133795722987 29.347883439716554 0.001762133795722987 228.11839558917507 303.1887903756115 303.1887903756115 0.011175116384153201 90.25623876462184 303.1887903756115 119.95823389964528 303.1887903756115 3.07539175525271 0.009688934999923727 146.37859997817407 111.98991392155934 111.98991392155934 2071.5816495075323 0.12494466662133016
62 1.9395987489499704 0.6646965815437068 0.003474819687510838 0.4861528114661554 0.0051566646716441926 0.577507384979501 0.007610545083594914 60.601189345523444 0.0017247736434163501 31.244188716006736 0.0017247736434163501 182.63245796078442 296.48095506545894 296.48095506545894 0.011953464287644978 94.15991738479678 296.48095506545894 152.85685001908934 296.48095506545894 3.0136777831122767 0.011185333764591071 118.18596674967459 91.07321153375914 91.07321153375914 1764.298860232131 0.10863198810793201
