data/PerA_13co_physprop.txt
# %ECSV 0.9
# ---
# datatype:
# - {name: _idx, datatype: int64}
# - {name: area_pc2, unit: pc2, datatype: float64, description: projected area of structure}
# - {name: rad_pc, unit: pc, datatype: float64, description: equivalent radius in pc}
# - {name: e_rad_pc, datatype: float64, description: frac error in radius}
# - {name: vrms_k, unit: km / s, datatype: float64, description: rms linewidth in km/s}
# - {name: e_vrms_k, datatype: float64, description: frac error in linewidth}
# - {name: axratio, unit: '', datatype: float64, description: minor to major axis ratio}
# - {name: e_axratio, datatype: float64, description: frac error in axis ratio}
# - {name: mlumco, unit: solMass, datatype: float64, description: Mass from scaling luminosity with alphascale=1}
# - {name: e_mlumco, datatype: float64, description: frac error in luminous mass}
# - {name: siglum, unit: solMass / pc2, datatype: float64, description: average surface density from mlumco}
# - {name: e_siglum, datatype: float64, description: same as e_mlumco}
# - {name: mvir, unit: solMass, datatype: float64, description: virial mass}
# - {name: e_mvir, unit: solMass, datatype: float64, description: frac error in virial mass}
# - {name: emvir, unit: solMass, datatype: float64, description: elliptical virial mass}
# - {name: e_emvir, datatype: float64, description: frac error in elliptical virial mass}
# - {name: sigvir, unit: solMass / pc2, datatype: float64, description: virial surface density}
# - {name: e_sigvir, unit: solMass, datatype: float64, description: same as e_mvir}
# - {name: sigevir, unit: solMass / pc2, datatype: float64, description: ell. virial surface density}
# - {name: e_sigevir, unit: solMass, datatype: float64, description: same as e_mvir}
# - {name: alpha, unit: '', datatype: float64, description: virial parameter}
# - {name: e_alpha, datatype: float64, description: frac error in virial parameter}
# - {name: halfmax_ell_maj, unit: pix, datatype: float64}
# - {name: halfmax_ell_min, unit: pix, datatype: float64}
# - {name: halfmax_ell_pa, unit: rad, datatype: float64}
# - {name: mlte, unit: solMass, datatype: float64, description: LTE mass using H2/13CO=1000000.0}
# - {name: e_mlte, unit: solMass, datatype: float64, description: LTE mass uncert.}
# schema: astropy-2.0
_idx area_pc2 rad_pc e_rad_pc vrms_k e_vrms_k axratio e_axratio mlumco e_mlumco siglum e_siglum mvir e_mvir emvir e_emvir sigvir e_sigvir sigevir e_sigevir alpha e_alpha halfmax_ell_maj halfmax_ell_min halfmax_ell_pa mlte e_mlte
[from data line 1398]
1398 0.06450056672350861 0.12747140655425415 0.07047863708157721 0.1783981399004101 0.11593766717859437 0.3273375384648974 0.1410796344257446 0.1206793234361701 0.020113759874328906 1.8709808233698193 0.020113759874328906 4.7163099334445695 13.353515340125526 13.353515340125526 0.3499459931970881 73.12044177319778 13.353515340125526 207.02942653771368 13.353515340125526 39.0813421815306 0.2675038981013128 17.64296508204952 6.609791843724728 6.609791843724728 2.209854093548748 0.017403936226224298
1399 0.007771152617290191 0.05250747361860426 0.3027492281491574 0.08690499270521229 0.3807960166292965 0.6835980371937728 0.6415161446344454 0.005497924154823393 0.07791524721937414 0.7074785975237384 0.07791524721937414 0.4610197100805942 0.6412247540587129 0.6412247540587129 0.7505160909045785 59.32449570670667 0.6412247540587129 82.51346816069977 0.6412247540587129 83.85341396100131 0.7891777823685473 5.94773116776791 2.990734684983305 2.990734684983305 0.09350230120741249 0.00392898165567145
1400 0.008548267879019212 0.04279680377684919 0.3015212509656292 0.10074704942592205 0.28496662811357354 0.5945537191261437 0.447472663176823 0.013249070907841649 0.04508869745341591 1.5499129291865132 0.04508869745341591 0.5049924936849368 0.7979372271345193 0.7979372271345193 0.6837960874138882 59.0754174801173 0.7979372271345193 93.34490196463882 0.7979372271345193 38.11531368482977 0.6705528236760107 5.422089423574216 3.1211283457322323 3.1211283457322323 0.2443450705707222 0.004660857237798667
1401 0.016319420496309404 0.06319444279652012 0.18722543894624974 0.14903856663738602 0.14605637142840586 0.7766669383903243 0.30765751607293695 0.034225154775276455 0.024927228137089235 2.0972040510272034 0.024927228137089235 1.631868407516389 2.025985671494669 2.025985671494669 0.47284844120465946 99.99548745529486 2.025985671494669 124.14568715554825 2.025985671494669 47.68038065076092 0.37949416403017444 6.257037917921006 5.39055593364396 5.39055593364396 0.679124009595802 0.007314932360781012
1402 0.008548267879019212 0.046975960368519 0.24905155122529468 0.09811028925769327 0.368619173686603 0.6827205544656656 0.4526737789992315 0.010451706946892325 0.04727262067740199 1.2226695623969501 0.04727262067740199 0.5256706085849052 0.7319938396684181 0.7319938396684181 0.9155169108518199 61.49440050599095 0.7319938396684181 85.63066226141754 0.7319938396684181 50.2951920921593 0.9029569285627429 4.634282409057573 3.161408061808032 3.161408061808032 0.1957302514885796 0.004823597314436047
1403 0.10568767559514662 0.1871954388171223 0.06214808726145234 0.15778973957105843 0.10499138461514412 0.32333968965559684 0.09800891377685694 0.2533626386513511 0.020797187887889028 2.3972770450728507 0.020797187887889028 5.418283151132505 15.535892908651586 15.535892908651586 0.25483803405683436 51.266934584578216 15.535892908651586 146.99815111994974 15.535892908651586 21.385485957890307 0.23170176917398255 26.955936183101958 9.220641954687778 9.220641954687778 4.877924433707712 0.02304464172660032
1404 0.013210959449393328 0.06813515882314596 0.27428284294125577 0.04376934136761294 0.5010105120087538 0.38689160640029313 0.580282626484107 0.016424642361519384 0.032510391986931154 1.2432588582560242 0.032510391986931154 0.15174703395000774 0.3627280953164755 0.3627280953164755 1.2784029238704167 11.486450664790759 0.3627280953164755 27.4566050032901 0.3627280953164755 9.238985580929883 1.203379813967699 8.192081984815498 3.2926205137378006 3.2926205137378006 0.37045740599535126 0.0040579070324808396
1405 0.5175587643115268 0.4281576845638667 0.01752227667478226 0.1889314329894356 0.04189217819697009 0.3683677447641828 0.04014543154101522 2.4529553784608003 0.003046264671044618 4.73947220606688 0.003046264671044618 17.76728610598805 44.613330231765424 44.613330231765424 0.10167037660369557 34.329021806098986 44.613330231765424 86.19954545859444 44.613330231765424 7.243216188113787 0.0824851170568924 52.52701378797706 22.15515607744948 22.15515607744948 55.22264867888103 0.04228966661041502
1406 0.09636229245439837 0.1548546213447395 0.045779016812695965 0.1351046725362427 0.08762465420839856 0.4288854622491713 0.10978403464580151 0.3256496288423143 0.008574499006407653 3.379430071118553 0.008574499006407653 3.2860474058971043 7.092213621183101 7.092213621183101 0.20553341902664235 34.10096752785498 7.092213621183101 73.599469673673 7.092213621183101 10.090745128680219 0.18467040464924356 20.055451785127325 8.326922998231137 8.326922998231137 6.280145319351894 0.014031275619521251
1407 0.03730153256299292 0.10682929952732184 0.10663438510668939 0.11348103294107556 0.2046672815178434 0.5812820084412563 0.25669793718344835 0.08025346286274831 0.012360985605976708 2.1514789701259693 0.012360985605976708 1.5993586250796632 2.5806609782808043 2.5806609782808043 0.5378053517413401 42.87648563443735 2.5806609782808043 69.18377881452233 2.5806609782808043 19.92884254496196 0.4650325867452773 12.17756486493225 6.081504068743635 6.081504068743635 1.4652160367123805 0.006941972168186184
1408 0.02098211206668352 0.08521882666476063 0.15909964169357355 0.09524942408469811 0.20640534853902995 0.6188689435437049 0.2906014498176836 0.0390739712976171 0.018895408300496526 1.8622515776026554 0.018895408300496526 0.8988126637367129 1.368641892641395 1.368641892641395 0.4974587973649789 42.83709194194487 1.368641892641395 65.22898592342356 1.368641892641395 23.002849054954556 0.42753908465324497 8.272243739568026 6.018093202191996 6.018093202191996 0.6846165834265354 0.006274743179498564
1409 0.08470556352846309 0.13538137316839993 0.04843989290246871 0.17099278678888163 0.10184594971043512 0.6206707161274503 0.1067220760592832 0.2916092098437414 0.02188338591357169 3.442621685006012 0.02188338591357169 4.60175413351183 6.9884974296876115 6.9884974296876115 0.2258904888254416 54.32646855558113 6.9884974296876115 82.5034051906084 6.9884974296876115 15.780551430380669 0.24152845235823997 14.07917494441487 10.4765924454807 10.4765924454807 3.5598720894175178 0.01653818340604619
1410 0.12666978766183012 0.17792098380832705 0.04903011136491463 0.1766155764087227 0.07219900171746123 0.6793589795509687 0.09969821555505834 0.4717363071078599 0.012301509887869226 3.7241422427205184 0.012301509887869226 6.4519960514495756 9.024471146446986 9.024471146446986 0.18353319249906952 50.93555590915212 9.024471146446986 71.24406942671747 9.024471146446986 13.677124177712194 0.15846074404166036 17.486750431824465 13.62894731719006 13.62894731719006 9.544751566421319 0.021541904484425074
1411 0.10491056033341761 0.15209295248649016 0.04340566931595637 0.36254327665200314 0.07228765740220577 0.6663755862784203 0.06529833971970936 0.5139055886498166 0.012862281319419761 4.898511522734857 0.012862281319419761 23.240085278007406 33.078355074166105 33.078355074166105 0.15504565846423268 221.52284006631734 33.078355074166105 315.30052807876876 33.078355074166105 45.222480142833334 0.15425654925617052 17.50782032234443 12.138036096925658 12.138036096925658 9.574988771703326 0.020439539554766534
1412 0.026421918898786655 0.09099604072999058 0.17388418021494031 0.06636106050102071 0.29977615749699216 0.417990348917594 0.2867813218382358 0.039029491853718866 0.020607475375327994 1.4771634113036043 0.020607475375327994 0.4658628159604757 1.0312646205727891 1.0312646205727891 0.7293079142187446 17.631679884607813 1.0312646205727891 39.03064817219414 1.0312646205727891 11.93617425782823 0.6074349255956026 11.063511003970996 5.059518185065915 5.059518185065915 0.9452282763441318 0.006134163935624567
1413 0.012433844187664307 0.0595448763600261 0.2972053026485225 0.044037777290996574 0.428462104228457 0.6862743168419029 0.5449512045223441 0.014692834094092944 0.029729433035544293 1.1816807314241395 0.029729433035544293 0.13424684717515895 0.18606542992617944 0.18606542992617944 0.8493599155298064 10.796889935965746 0.18606542992617944 14.96443313249623 0.18606542992617944 9.136892604615408 0.812842759276832 5.8517801531906395 3.9378508146861195 3.9378508146861195 0.3448944291496176 0.003662327223004374
1414 0.01942788154322548 0.0637889199619778 0.13805547227871354 0.1290857889099853 0.17172866758244298 0.8434967928001206 0.24135091040451187 0.03908541970986104 0.035077186008467744 2.0118209812479613 0.035077186008467744 1.235694265136526 1.4276815390888673 1.4276815390888673 0.40007759593342773 63.604169213570984 1.4276815390888673 73.486218037329 1.4276815390888673 31.61522312691878 0.40981310235230456 5.792121761301283 5.67832065863316 5.67832065863316 0.7099477892412159 0.009662666347327396
1415 0.024867688375328614 0.07956772040906085 0.15844750163702345 0.11791858625992131 0.18287095359329056 0.7868053104301721 0.2649007578347681 0.03634391674115296 0.03113156609577756 1.4614915625696028 0.03113156609577756 1.2862054896038462 1.578772114189936 1.578772114189936 0.4800072028064619 51.72195622653445 1.578772114189936 63.48688669254218 1.578772114189936 35.38984250829106 0.3857071974953175 8.223369097299702 6.192329988750299 6.192329988750299 0.6875455360384582 0.009373570959323535
1416 0.06450056672350861 0.12404166718056277 0.07726837813758167 0.11370761312407826 0.08559547139095182 0.3218680342928445 0.15382123893070476 0.1632812771003567 0.023133922761333713 2.531470425683025 0.023133922761333713 1.8644708452152554 5.371152656754223 5.371152656754223 0.22590508794409966 28.90627074964458 5.371152656754223 83.27295293045219 5.371152656754223 11.418766917589123 0.19953791099380294 19.964342129564105 6.171040626929182 6.171040626929182 3.2144370405054805 0.01776064258218593
1417 0.01942788154322548 0.06335415537041622 0.13589892559112143 0.10347757570590506 0.19361432763617456 0.7832043228432204 0.2551007290034151 0.055618126042180714 0.02539122679070792 2.862799318517299 0.02539122679070792 0.7886358432155541 0.9719236285009808 0.9719236285009808 0.47475977580950257 40.5929921623674 0.9719236285009808 50.02725728682917 0.9719236285009808 14.179475277851932 0.3887388037365676 5.896861786965675 5.443952706023812 5.443952706023812 1.1844718482754435 0.0062780202425269955
1418 0.2300261174717897 0.24793752411625747 0.03920987152284643 0.15435863173479122 0.06464859588895913 0.5663278178372071 0.07935619480812063 0.8346681216114197 0.0049876517581727816 3.628579792526312 0.0049876517581727816 6.8677268886291625 11.35413478179544 11.35413478179544 0.15291070886472394 29.856291816390883 11.35413478179544 49.36019834003374 11.35413478179544 8.22809295192711 0.1313649813545515 28.255402788217523 16.084555608613368 16.084555608613368 19.118277168220384 0.027694084278377558
1419 0.016319420496309404 0.06531053346136322 0.13381231894579482 0.09307002902285781 0.21971514176222678 0.9789360329455595 0.25193909164291994 0.043265402637635036 0.018194893757340055 2.651160477629668 0.018194893757340055 0.6576757751649575 0.66947457924035 0.66947457924035 0.48089368462027177 40.30019174477973 0.66947457924035 41.02318335333966 0.66947457924035 15.200962780197697 0.4370707432299202 5.854671468745286 4.956903726664278 4.956903726664278 0.9308542458251013 0.004981852307285737
1420 0.042741339395096056 0.10925587944723288 0.1338469283014705 0.14484368778230816 0.17008808922689272 0.4713832292380531 0.2867853091661673 0.03839084176709232 0.027326212133961303 0.8982133529371125 0.027326212133961303 2.6647279668434276 5.2452894388682 5.2452894388682 0.46490162239543165 62.34544833073636 5.2452894388682 122.7216908291372 5.2452894388682 69.41051157486123 0.3850363808390556 14.223691854428093 6.697277967878911 6.697277967878911 0.6410945792548548 0.009180062038940024
1421 0.04351845465682508 0.12149743230761142 0.11409116559070295 0.09824343404100162 0.16122098460537004 0.5987922874586504 0.24336781342027036 0.10526673260275592 0.014975686834629808 2.418898681785952 0.014975686834629808 1.3632737878227734 2.1399866347919314 2.1399866347919314 0.44460006085515474 31.32633726480379 2.1399866347919314 49.17423313091641 2.1399866347919314 12.950661183408693 0.3538369651027932 13.06918560048008 7.911014021112902 7.911014021112902 1.5360302324979505 0.008794370270025857
1422 0.027199034160515674 0.07797835993000055 0.10890073067317192 0.15997221983581766 0.14622413814601445 0.8226880675106815 0.21937810457745296 0.09266919169513176 0.012941978085153447 3.4070765582425673 0.012941978085153447 2.3199154372819226 2.7389697409090665 2.7389697409090665 0.3618280064047324 85.29403741290565 2.7389697409090665 100.70099271705675 2.7389697409090665 25.034376526279726 0.34216306430392257 7.790381651367892 6.506680605465485 6.506680605465485 1.8789718984943549 0.007129441995780849
1423 0.035747302039534884 0.08835048281522918 0.06439314366779618 0.16723090485062406 0.11562089035152802 0.9714793164917435 0.11019986273789421 0.06113657798347327 0.036465663124657016 1.710243137114488 0.036465663124657016 2.872439710010049 2.9427631324620305 2.9427631324620305 0.2665019766499096 80.35402802799668 2.9427631324620305 82.32126523023945 2.9427631324620305 46.98397922740361 0.26547113772589087 6.441677030284172 6.050964554309444 6.050964554309444 1.019910420175457 0.013011401546804214
1424 0.024090573113599592 0.07106996462204176 0.11513641833563995 0.20270792523692371 0.1389714051429143 0.6830269174432959 0.24040609310946384 0.07311217344167985 0.015874684525013047 3.034887260544525 0.015874684525013047 3.3949741506944817 4.7255734464164 4.7255734464164 0.2538461325722757 140.9254206898861 4.7255734464164 196.15861458060218 4.7255734464164 46.43514193163176 0.28963467196488396 7.495333567464407 5.591263038985927 5.591263038985927 1.3706265595371079 0.007313220902067
1425 0.013988074711122346 0.05850534236091031 0.22015120459868484 0.11535918605087071 0.31932779054196087 0.6572453437879198 0.4524836789041404 0.026203166967225168 0.02411984244701498 1.8732504299816348 0.02411984244701498 0.9051255133961787 1.3045209301286453 1.3045209301286453 0.8288897638838844 64.70694016786211 1.3045209301286453 93.25950547657433 1.3045209301286453 34.54259992802804 0.7332644768110275 6.4879253959622485 4.003783316633351 4.003783316633351 0.5911742037912263 0.005349403373834953
1426 0.18106785598286146 0.2490429899232669 0.04542676607108689 0.26636698203051545 0.05664236327647486 0.49933038444406797 0.11037658195076436 0.5876433573917497 0.004542917432478044 3.2454316874850035 0.004542917432478044 20.542061139810855 38.25643834961941 38.25643834961941 0.19467612734237277 113.44951884643298 38.25643834961941 211.2823291685769 38.25643834961941 34.95668058086563 0.1341239917071125 27.920844862258782 15.12238933032994 15.12238933032994 12.914176108590206 0.016785074487953484
1427 0.01942788154322548 0.06691678504775442 0.14669017388405206 0.10119166572125902 0.18036653942254444 0.5384637413343447 0.37218097590362864 0.055900702254251665 0.01495823866922427 2.877344198845205 0.01495823866922427 0.7965874737472429 1.3808794814153458 1.3808794814153458 0.47939672410303 41.00228179664878 1.3808794814153458 71.07720305700853 1.3808794814153458 14.250044125101425 0.3898116714739315 8.79325883256043 3.9956224926284025 3.9956224926284025 1.1476635961355788 0.004776536761485662
1428 0.013988074711122346 0.05694844679513875 0.26271022563114194 0.06754296604711407 0.3155249407978192 0.6172127873949556 0.5564516068629106 0.022752499167888966 0.03625896482550924 1.6265640295585322 0.03625896482550924 0.3020306765166761 0.4610433265422489 0.4610433265422489 0.8782869278693574 21.592011964056944 0.4610433265422489 32.959741498639495 0.4610433265422489 13.274615429628835 0.6417497340963605 6.121314284005218 4.104935942344858 4.104935942344858 0.4629134523469843 0.006777668001306344
