data/PerA_13co_physprop.txt
# %ECSV 0.9
# ---
# datatype:
# - {name: _idx, datatype: int64}
# - {name: area_pc2, unit: pc2, datatype: float64, description: projected area of structure}
# - {name: rad_pc, unit: pc, datatype: float64, description: equivalent radius in pc}
# - {name: e_rad_pc, datatype: float64, description: frac error in radius}
# - {name: vrms_k, unit: km / s, datatype: float64, description: rms linewidth in km/s}
# - {name: e_vrms_k, datatype: float64, description: frac error in linewidth}
# - {name: axratio, unit: '', datatype: float64, description: minor to major axis ratio}
# - {name: e_axratio, datatype: float64, description: frac error in axis ratio}
# - {name: mlumco, unit: solMass, datatype: float64, description: Mass from scaling luminosity with alphascale=1}
# - {name: e_mlumco, datatype: float64, description: frac error in luminous mass}
# - {name: siglum, unit: solMass / pc2, datatype: float64, description: average surface density from mlumco}
# - {name: e_siglum, datatype: float64, description: same as e_mlumco}
# - {name: mvir, unit: solMass, datatype: float64, description: virial mass}
# - {name: e_mvir, unit: solMass, datatype: float64, description: frac error in virial mass}
# - {name: emvir, unit: solMass, datatype: float64, description: elliptical virial mass}
# - {name: e_emvir, datatype: float64, description: frac error in elliptical virial mass}
# - {name: sigvir, unit: solMass / pc2, datatype: float64, description: virial surface density}
# - {name: e_sigvir, unit: solMass, datatype: float64, description: same as e_mvir}
# - {name: sigevir, unit: solMass / pc2, datatype: float64, description: ell. virial surface density}
# - {name: e_sigevir, unit: solMass, datatype: float64, description: same as e_mvir}
# - {name: alpha, unit: '', datatype: float64, description: virial parameter}
# - {name: e_alpha, datatype: float64, description: frac error in virial parameter}
# - {name: halfmax_ell_maj, unit: pix, datatype: float64}
# - {name: halfmax_ell_min, unit: pix, datatype: float64}
# - {name: halfmax_ell_pa, unit: rad, datatype: float64}
# - {name: mlte, unit: solMass, datatype: float64, description: LTE mass using H2/13CO=1000000.0}
# - {name: e_mlte, unit: solMass, datatype: float64, description: LTE mass uncert.}
# schema: astropy-2.0
_idx area_pc2 rad_pc e_rad_pc vrms_k e_vrms_k axratio e_axratio mlumco e_mlumco siglum e_siglum mvir e_mvir emvir e_emvir sigvir e_sigvir sigevir e_sigevir alpha e_alpha halfmax_ell_maj halfmax_ell_min halfmax_ell_pa mlte e_mlte
[from data line 1239]
1239 0.02875326468397371 0.08006577336835202 0.10635722069981551 0.2048374178464837 0.12395016149266677 0.9057650006107117 0.18444403754863195 0.07493034563192788 0.024382579313217374 2.6059769718494614 0.024382579313217374 3.905479868860638 4.244964068928763 4.244964068928763 0.28440860014854735 135.82735427735432 4.244964068928763 147.63415965404408 4.244964068928763 52.121471426878216 0.264179185858658 8.104444730998146 7.375224977039551 7.375224977039551 1.2430243113969421 0.009134058714771331
1240 0.015542305234580382 0.07045982182702963 0.21045680106466796 0.09630237602089599 0.2391882791407629 0.4431604949918609 0.40836432793887895 0.031240288586720052 0.016011018694587233 2.0100164110284564 0.016011018694587233 0.7596690989180375 1.587814256685467 1.587814256685467 0.6804999674752745 48.87750481362537 1.587814256685467 102.1607948576835 1.587814256685467 24.31696803341841 0.4843169028057216 8.411763008960595 3.8887328374526033 3.8887328374526033 0.7279994173935618 0.004949560008699477
1241 0.2681047652965116 0.271996636644716 0.030291394252104985 0.13667413559029276 0.059055538074995376 0.4010513532364383 0.06383481322764409 0.9297379923180961 0.003646698894396669 3.4678159908491306 0.003646698894396669 5.906702819875991 13.62223625423957 13.62223625423957 0.1539275836915059 22.03132351393847 13.62223625423957 50.80937759227815 13.62223625423957 6.353083200514302 0.12671335994559346 35.127620596242586 14.568007962571137 14.568007962571137 20.30009794321026 0.02228723433726829
1242 0.040409993609909 0.09585253273367832 0.09429195428222589 0.16431136831871287 0.09196109165613564 0.7064903037391618 0.1773008151174366 0.32063909227807497 0.014057490882439318 7.934648428141561 0.014057490882439318 3.008484185806503 4.062416251381287 4.062416251381287 0.28471084739978547 74.44901414359015 4.062416251381287 100.52998994746525 4.062416251381287 9.382774147817846 0.22576608682543933 11.818344626472186 6.78024341039001 6.78024341039001 8.786908862281946 0.00826450479088586
1243 2.6818247682268455 0.9742841476456456 0.008523360585825146 0.3551349914437439 0.011291783423929757 0.5646905178590051 0.014945848172663019 20.27106306537178 0.0020005022707416573 7.558682918263334 0.0020005022707416573 142.85040720622072 236.80907651616988 236.80907651616988 0.02983594193305468 53.266122715642524 236.80907651616988 88.30147268448938 236.80907651616988 7.047011138268627 0.024684441519188003 115.30123960151099 64.58056073301191 64.58056073301191 408.4054527359807 0.12438999172796146
1244 0.027199034160515674 0.0749209790695455 0.10620228915120558 0.12847357052466166 0.13164200720701488 0.5339771248155196 0.21841951727346512 0.0717924118072226 0.016697699079541016 2.6395206308995447 0.016697699079541016 1.4376062359800188 2.511852490590057 2.511852490590057 0.3432062347380524 52.855047259985604 2.511852490590057 92.35079730281255 2.511852490590057 20.024487265315553 0.2973634163636368 9.120661628559075 5.295556553605312 5.295556553605312 1.314130372691776 0.007560921886872069
1245 0.02175922732841254 0.06828112966035434 0.14572733132849117 0.14666210170778088 0.17998185512929174 0.6978691948614566 0.38130375375479575 0.024211067641144206 0.03520687832335512 1.1126804861094552 0.03520687832335512 1.7074398831134248 2.3311137733997334 2.3311137733997334 0.5027466117519375 78.46969275806507 2.3311137733997334 107.13219445783517 2.3311137733997334 70.52311399154522 0.4264688748094182 6.856545655204179 5.653969712939342 5.653969712939342 0.382881478282466 0.008016317682695678
1246 0.03030749520743175 0.07840909319324131 0.07064172164348614 0.27663711768649113 0.11105462903165153 0.4172274495337502 0.17518041589622463 0.060288150755763756 0.03903736049637033 1.989215880201819 0.03903736049637033 6.975835788859131 15.47003793299827 15.47003793299827 0.3019806520020368 230.16866755615538 15.47003793299827 510.4360432004568 15.47003793299827 115.7082395364767 0.2506383267334153 8.597665543158142 3.0840328012364524 3.0840328012364524 1.0070185408089203 0.009524095825958824
1247 0.012433844187664307 0.046932076816108254 0.13782906640031695 0.1695223462015184 0.17666845469979936 0.4898465001665065 0.3117866725306725 0.03705688664900161 0.031087706906801765 2.9803241933629803 0.031087706906801765 1.567951399871702 2.9742317682962494 2.9742317682962494 0.532454807887133 126.103510403265 2.9742317682962494 239.20452302651523 2.9742317682962494 42.31201111747865 0.3919995488600437 6.836940789747583 3.03211817670184 3.03211817670184 0.7523824061153495 0.005517493628878961
1248 0.02875326468397371 0.1025061247820882 0.1719150715662714 0.07343047942520467 0.20161175173762205 0.6964147454916759 0.3059903318833348 0.02244961297314801 0.03018392741884393 0.7807674439717037 0.03018392741884393 0.6425567029860163 0.8789074487298543 0.8789074487298543 0.4658633967179529 22.347260738853073 0.8789074487298543 30.56722283156018 0.8789074487298543 28.622172852359576 0.49086822478184217 10.301594882864654 6.928931131415737 6.928931131415737 0.4005234726546299 0.0070900339059082815
1249 0.055952298844489386 0.11827870482292446 0.06837901875675377 0.36191963787241044 0.08528338471619132 0.5867427510334058 0.10600077388836905 0.23076273978671902 0.010310199900771515 4.124276295207955 0.010310199900771515 18.011080744965216 28.810475894645005 28.810475894645005 0.19446028291560438 321.90063888213393 28.810475894645005 514.9113886226407 28.810475894645005 78.05021192594542 0.1776418255778667 13.89598363352608 8.08063738730865 8.08063738730865 4.89657800565523 0.01296972177355432
1250 0.20438131383473204 0.23457413709082725 0.03521415067351675 0.1134142038661665 0.06712418157824751 0.4212030900607763 0.07441691337073467 0.6411261664212936 0.0036265213999813768 3.136911855551162 0.0036265213999813768 3.5077120925560035 7.706489632070817 7.706489632070817 0.16166237310428783 17.162587062105047 7.706489632070817 37.70642965091457 7.706489632070817 5.471172877151037 0.13501102254313843 30.096802685500112 12.936397881793704 12.936397881793704 14.105524701721357 0.017985930555927763
1251 0.008548267879019212 0.043461667876429154 0.2553074185862731 0.06880464547285682 0.35783871249465393 0.8197178959731328 0.4743333947133993 0.04168209451661572 0.023082670625008895 4.876086606845798 0.023082670625008895 0.23919430048390872 0.2832893616951767 0.2832893616951767 0.8665503341725218 27.98161029452352 0.2832893616951767 33.13997241364879 0.2832893616951767 5.738538412184608 0.7106298650640007 4.465894996556594 3.2761971598400486 3.2761971598400486 1.0864654390296313 0.004063826382023713
1252 0.014765189972851363 0.05632555969073123 0.14099417225345648 0.10988474817862061 0.17858981921019582 0.632091876220883 0.3093559746535564 0.03233768041403341 0.03724107413136434 2.1901296545112148 0.03724107413136434 0.790659085709862 1.1808298504585069 1.1808298504585069 0.48247625290880863 53.54885966002744 1.1808298504585069 79.97390163145135 1.1808298504585069 24.45008657351762 0.4146432239677083 6.004870010274621 4.040958771634958 4.040958771634958 0.6206017474077262 0.005109195195302771
1253 0.024090573113599592 0.06865159668003273 0.09646889852366239 0.14280462463888 0.13355872969960003 0.7030977122735516 0.18983552033293294 0.087201727023906 0.019620267323991136 3.6197448110804364 0.019620267323991136 1.6275865863177414 2.207262381326625 2.207262381326625 0.30892604419282316 67.56114014568368 2.207262381326625 91.62348985714179 2.207262381326625 18.66461412939156 0.3025684086887192 7.020309963513198 5.582542409509351 5.582542409509351 1.6956651429391987 0.006056998330696958
1254 0.07615729564944387 0.13841808573846656 0.05501743843154417 0.1840844937953224 0.08144350659265161 0.2022481457498742 0.12011272290180042 0.24130695475303526 0.012240729904140706 3.1685336604359504 0.012240729904140706 5.453008436524702 25.740153522823213 25.740153522823213 0.18965385041501281 71.60191797809094 25.740153522823213 337.98670637290644 25.740153522823213 22.597808845192898 0.16340567133880976 26.3615452627209 5.362436808892372 5.362436808892372 4.557296569834243 0.011413565325195746
1255 0.11812151978281091 0.17465770031551545 0.04891837364545588 0.24773618167177516 0.07368611071313982 0.35895122312544525 0.08498590807857986 0.4779465761108043 0.008053848785258853 4.046227791427006 0.008053848785258853 12.461649508294174 32.11978009238508 32.11978009238508 0.21297770514085398 105.49855378772055 32.11978009238508 271.92149365706996 32.11978009238508 26.0733105563772 0.1621172666297389 28.17564163595234 9.072437306446233 9.072437306446233 9.693737919756808 0.018883631705259335
1256 0.10180209928650152 0.1882398455578215 0.053520630550872424 0.25777929260634724 0.0940906230929572 0.16062096835899337 0.08721181739830432 0.31509352146840097 0.01024856442064904 3.0951574051693536 0.01024856442064904 14.54174512794319 88.6421715492301 88.6421715492301 0.2327208028074441 142.843273663919 88.6421715492301 870.7302911285212 88.6421715492301 46.150568441317525 0.2032906259935432 39.59426706154094 6.438865034762374 6.438865034762374 5.9911422130604 0.013727665400843636
1257 2.343002514112993 0.8955558757750158 0.008827688003562673 0.344339281709211 0.012103574298287298 0.5851979548351512 0.015528160963162807 17.059103715493276 0.001989427981571866 7.280872987859965 0.001989427981571866 123.44535176830168 197.94699075958764 197.94699075958764 0.025595027738211262 52.68682002035122 197.94699075958764 84.4843270834158 197.94699075958764 7.236332800778225 0.02766579638449646 103.59204953373342 59.317756992104535 59.317756992104535 347.53396491014576 0.11341389761896993
1258 0.016319420496309404 0.0589982154391591 0.2161276481427017 0.12151608093525225 0.21980782685400727 0.5896120692273334 0.36812884001852053 0.015081582719168679 0.03291251586101124 0.9241494036249229 0.03291251586101124 1.0127804277720094 1.6127216317923072 1.6127216317923072 0.6074177309612313 62.05982792103722 1.6127216317923072 98.82223649773717 1.6127216317923072 67.15345773920441 0.4578190158301549 6.6172308662784936 4.255343378900052 4.255343378900052 0.2581519114221647 0.0056476241516565315
1259 0.01087961366420627 0.057954437927938474 0.26357714760453377 0.10439591592416894 0.274146219516404 0.4685205479187019 0.5113577302544912 0.00618096872294773 0.0712074463080239 0.5681239163191064 0.0712074463080239 0.7342815763949607 1.453910876477611 1.453910876477611 0.924862268402124 67.49151202038853 1.453910876477611 133.6362596459607 1.453910876477611 118.79716745189721 0.7186972418605624 7.319787496499245 3.1899550227095137 3.1899550227095137 0.10359744349880567 0.00563461986010134
1260 0.8252964079562184 0.49482263660169595 0.017434720033147385 0.30329683371340177 0.03058625471823806 0.5379836056514179 0.037902409838437144 4.042770923301071 0.003543836727778772 4.898568422601857 0.003543836727778772 52.91687968998675 91.80834801231985 91.80834801231985 0.07201365111290958 64.11863565604416 91.80834801231985 111.24287847038617 91.80834801231985 13.089259988735195 0.06879461704999021 55.72388260431819 32.286216368147805 32.286216368147805 87.66658959673335 0.048158149555639344
1261 1.7415153015347322 0.7206162019849222 0.011731889946707244 0.3473092339323579 0.014796198536086075 0.6339791989161466 0.014444350327661866 10.274538127586334 0.00326927242924483 5.89976907956638 0.00326927242924483 101.05215930621021 150.5076780173408 150.5076780173408 0.03875859932279569 58.02542143451552 150.5076780173408 86.42340258779467 150.5076780173408 9.835202132823182 0.034877104914003684 77.13985010799064 50.85117630293898 50.85117630293898 214.07231148959397 0.09015758811797446
1262 0.026421918898786655 0.09107398585363956 0.11631532437648816 0.1814120880688281 0.1501081924497666 0.2845142337497196 0.21959327723158176 0.07638903939231051 0.010049043427026125 2.8911238311241068 0.010049043427026125 3.484461767434822 11.409424125516361 11.409424125516361 0.3694278137773868 131.87769521141158 11.409424125516361 431.81663562067416 11.409424125516361 45.614682356976665 0.3390544568469764 13.617679077642595 4.246512095972607 4.246512095972607 1.4413324008287172 0.006529372238203023
1263 0.04196422413336704 0.1035392580591424 0.08252047980893515 0.16595964908507202 0.1200881762613976 0.3780888819936498 0.16805954685542188 0.09883214055709083 0.02089517452577928 2.355152337452758 0.02089517452577928 3.3152705812847203 8.109413261485578 8.109413261485578 0.3682021224278778 79.00230850803808 8.109413261485578 193.24587619475454 8.109413261485578 33.54445793238323 0.2643287890537185 14.526159072673272 5.608417907878407 5.608417907878407 1.7718423482457026 0.00906733777334377
1264 0.007771152617290191 0.043191549602745447 0.2187507271924424 0.1002707184789124 0.3297299991848218 0.33419826030573824 0.5118472155628206 0.01760743439301586 0.02912218905057619 2.2657429676314336 0.02912218905057619 0.5048425537212362 1.3993299313013188 1.3993299313013188 0.897515910080715 64.96366479767777 1.3993299313013188 180.06723072043675 1.3993299313013188 28.672124652157517 0.625427243518378 6.021007592560452 2.016796363128761 2.016796363128761 0.35837929961732173 0.004489565489664056
1265 0.2929724536718402 0.28042684746993995 0.030039020849698138 0.1853267924360153 0.05487977088635448 0.6545369537558692 0.07492325899158488 1.3049417488966817 0.004970488943874181 4.454144860862424 0.004970488943874181 11.197083674751362 16.198586292211235 16.198586292211235 0.11621302169400036 38.21889578497119 16.198586292211235 55.2904755692675 16.198586292211235 8.580523754580165 0.1192213175363761 30.356657583527177 19.223751649534112 19.223751649534112 28.693138066251407 0.025133627030565854
1266 0.05828364462967643 0.10749681004461115 0.06151992342156167 0.26243039256838396 0.09475605466500321 0.5204128149248141 0.1184854523427793 0.1406061904538607 0.01849575858543996 2.412446773829032 0.01849575858543996 8.606622460109046 15.408975171937138 15.408975171937138 0.22181113121898263 147.66788375699466 15.408975171937138 264.3790598519179 15.408975171937138 61.21083596908396 0.2107763124768456 13.453887724773677 7.531658706218831 7.531658706218831 2.6005926943157895 0.01545734549176307
1267 0.24323707692118302 0.26354893878825314 0.023101584665072946 0.6011242996835399 0.03252702034904321 0.5016056280075393 0.05851164544221882 1.311523706069405 0.008798492599748223 5.391956368947744 0.008798492599748223 110.71303481195724 205.29151145529136 205.29151145529136 0.09190889228087294 455.16512619427664 205.29151145529136 843.9976094672963 205.29151145529136 84.41558036626017 0.07547757045260212 31.341356116523226 12.71625824306773 12.71625824306773 24.063410282715342 0.032846649107379174
1268 0.00932538314074823 0.046366074071344056 0.3232435125540645 0.07703412594580777 0.35886998760643485 0.5101421088765424 0.7303758043453994 0.009466608741463744 0.051129112608630685 1.0151442143002591 0.051129112608630685 0.3198715087418073 0.5836496672203311 0.5836496672203311 0.9278337809534508 34.30116531556709 0.5836496672203311 62.5872050950929 0.5836496672203311 33.78945063407661 0.7587248036029899 5.57375993975362 2.970200165457981 2.970200165457981 0.17913118833257544 0.0037886073164015025
1269 0.012433844187664307 0.06405037182219694 0.2642909202663546 0.06849489390881516 0.39895933943662204 0.8297149176846716 0.3832013693810843 0.018537728331019653 0.03526718892377822 1.4909088493654317 0.03526718892377822 0.3493389137003917 0.4094093622659012 0.4094093622659012 0.7926120178507337 28.095809182406594 0.4094093622659012 32.92701405025476 0.4094093622659012 18.844753114427405 0.7887430734799878 5.99283109165804 4.632599217162726 4.632599217162726 0.379914601597657 0.006117562343706952
