data/PerA_13co_physprop.txt
# %ECSV 0.9
# ---
# datatype:
# - {name: _idx, datatype: int64}
# - {name: area_pc2, unit: pc2, datatype: float64, description: projected area of structure}
# - {name: rad_pc, unit: pc, datatype: float64, description: equivalent radius in pc}
# - {name: e_rad_pc, datatype: float64, description: frac error in radius}
# - {name: vrms_k, unit: km / s, datatype: float64, description: rms linewidth in km/s}
# - {name: e_vrms_k, datatype: float64, description: frac error in linewidth}
# - {name: axratio, unit: '', datatype: float64, description: minor to major axis ratio}
# - {name: e_axratio, datatype: float64, description: frac error in axis ratio}
# - {name: mlumco, unit: solMass, datatype: float64, description: Mass from scaling luminosity with alphascale=1}
# - {name: e_mlumco, datatype: float64, description: frac error in luminous mass}
# - {name: siglum, unit: solMass / pc2, datatype: float64, description: average surface density from mlumco}
# - {name: e_siglum, datatype: float64, description: same as e_mlumco}
# - {name: mvir, unit: solMass, datatype: float64, description: virial mass}
# - {name: e_mvir, unit: solMass, datatype: float64, description: frac error in virial mass}
# - {name: emvir, unit: solMass, datatype: float64, description: elliptical virial mass}
# - {name: e_emvir, datatype: float64, description: frac error in elliptical virial mass}
# - {name: sigvir, unit: solMass / pc2, datatype: float64, description: virial surface density}
# - {name: e_sigvir, unit: solMass, datatype: float64, description: same as e_mvir}
# - {name: sigevir, unit: solMass / pc2, datatype: float64, description: ell. virial surface density}
# - {name: e_sigevir, unit: solMass, datatype: float64, description: same as e_mvir}
# - {name: alpha, unit: '', datatype: float64, description: virial parameter}
# - {name: e_alpha, datatype: float64, description: frac error in virial parameter}
# - {name: halfmax_ell_maj, unit: pix, datatype: float64}
# - {name: halfmax_ell_min, unit: pix, datatype: float64}
# - {name: halfmax_ell_pa, unit: rad, datatype: float64}
# - {name: mlte, unit: solMass, datatype: float64, description: LTE mass using H2/13CO=1000000.0}
# - {name: e_mlte, unit: solMass, datatype: float64, description: LTE mass uncert.}
# schema: astropy-2.0
_idx area_pc2 rad_pc e_rad_pc vrms_k e_vrms_k axratio e_axratio mlumco e_mlumco siglum e_siglum mvir e_mvir emvir e_emvir sigvir e_sigvir sigevir e_sigevir alpha e_alpha halfmax_ell_maj halfmax_ell_min halfmax_ell_pa mlte e_mlte
[from data line 1112]
1112 6.201379788597573 1.370163780082548 0.003986599109064234 0.4947656042354783 0.005740962871769978 0.4468986758455678 0.008473061973680246 52.225274689871895 0.002860456964832152 8.421557213105716 0.002860456964832152 389.92438757961224 808.3395266917365 808.3395266917365 0.01547020201915585 62.877037187201964 808.3395266917365 130.34833444292894 808.3395266917365 7.466200798274225 0.013359789074344161 179.18125822650904 81.22794629769697 81.22794629769697 949.5840673679494 0.23103713105162185
1113 6.06149904148635 1.3642285422100215 0.004576311876601687 0.4921700420063563 0.005679203101912307 0.44580042562837513 0.008294910908281583 51.54473840967435 0.0028262467331302307 8.50362889722325 0.0028262467331302307 384.1726090929346 798.3303065850675 798.3303065850675 0.01580021378836719 63.37914210058689 798.3303065850675 131.70509491482287 798.3303065850675 7.453187676296944 0.014494723877042245 177.0498437045881 80.10410183418324 80.10410183418324 939.4054804354384 0.22850093002469238
1114 0.014765189972851363 0.055366827781179774 0.14775821490930707 0.09864337977400812 0.24587528543745205 0.48378471519179644 0.32159229679366663 0.027981874268006118 0.04038779206849589 1.8951245679504405 0.04038779206849589 0.6263173532867315 1.2023594667778652 1.2023594667778652 0.6046282476840911 42.41850964588578 1.2023594667778652 81.43203500860022 1.2023594667778652 22.382966462073256 0.4737312430139568 7.401689489008031 3.3678504318070166 3.3678504318070166 0.5211377396766688 0.0060419364345608365
1115 0.012433844187664307 0.048781071396879844 0.11187617571433472 0.47686317907396925 0.12475545978777369 0.6086176009283609 0.18530350662072717 0.06647179836092484 0.024278537709186136 5.346037585614265 0.024278537709186136 12.895786358594046 19.94102088364063 19.94102088364063 0.3342171303993323 1037.1519993300249 19.94102088364063 1603.7695649607897 19.94102088364063 194.00387347087 0.29544370314577584 5.267826876426369 4.0 4.0 1.1847560290688235 0.007061988012675167
1116 0.0202049968049545 0.09067981884979177 0.20952658473354058 0.06161485006336231 0.4240725533946358 0.37362728522469774 0.3553223170563407 0.009753143603402988 0.05744537938104523 0.4827094850622002 0.05744537938104523 0.4002122257239163 0.9906903620126158 0.9906903620126158 0.9064139968112469 19.807586686961493 0.9906903620126158 49.031948461862015 0.9906903620126158 41.03417749168355 0.8294497276530299 11.42446767002602 4.632264005589167 4.632264005589167 0.11507666075622681 0.005359001302883313
1117 0.06372345146177959 0.12356768518535133 0.06026141278280083 0.21581192234268035 0.11044939891777818 0.6591901052677015 0.12838842785929344 0.21428135471322338 0.007791283681618496 3.3626765311314983 0.007791283681618496 6.690594251229535 9.617041768221458 9.617041768221458 0.22367071915854156 104.99422265666915 9.617041768221458 150.91840676567278 9.617041768221458 31.22340840239543 0.2001150969696571 14.453111290532073 8.63799803620402 8.63799803620402 4.224292624724354 0.012436000803132865
1118 0.02098211206668352 0.0712669114415616 0.14904266218679266 0.11799298803444883 0.2501562775692582 0.9459267087861596 0.23005967586231169 0.040880747889371176 0.025682513139483634 1.948361907488033 0.025682513139483634 1.153477830339652 1.2085023685946876 1.2085023685946876 0.5181314528491403 54.97434322501802 1.2085023685946876 57.596793151896755 1.2085023685946876 28.215673388880234 0.46026282076052055 6.86173409181358 5.464965763395174 5.464965763395174 0.7982917441234679 0.00806762746782107
1119 0.007771152617290191 0.04557801226776801 0.2735574238429537 0.09128332785418024 0.30958224409615304 0.35424486191063814 0.6252742248318588 0.011104517363029726 0.0441076171414345 1.428940841841539 0.0441076171414345 0.441516791903459 1.153317063885059 1.153317063885059 1.0742386558458024 56.814839914624706 1.153317063885059 148.41003911299092 1.153317063885059 39.76010640258901 0.7910599192515033 6.957267505558826 1.8964252835520004 1.8964252835520004 0.23627932726169273 0.004049256896633486
1120 0.07848864143463094 0.1498639439586479 0.06416154635923398 0.2610010935963564 0.1044990948317305 0.38611609023254756 0.17316420349729025 0.19444005348511045 0.011979977510986096 2.477301809931942 0.011979977510986096 11.868360440872078 28.426465268021218 28.426465268021218 0.3238609906259214 151.21118449676072 28.426465268021218 362.1729813185278 28.426465268021218 61.03866064705087 0.2517350431024728 20.13907981803465 8.274838296862733 8.274838296862733 3.860441000502653 0.016810748837537748
1121 0.012433844187664307 0.06196543475209019 0.22715889250619886 0.08021065463601496 0.3043334423712986 0.6655822831515403 0.49460475793305575 0.010343619373955252 0.05405609436799854 0.8318923108443984 0.05405609436799854 0.4634709715339984 0.6603854636759384 0.6603854636759384 0.6307318539612987 37.274954112245574 0.6603854636759384 53.11193012464406 0.6603854636759384 44.80742714692273 0.6175470232675261 5.856852400365114 4.374331944461622 4.374331944461622 0.1830206920063844 0.0050705231198857606
1122 0.0769344109111729 0.14846177135414187 0.08187260792946381 0.15548044177907663 0.10680338065663383 0.697712427054872 0.13953438193728873 0.11231305512214922 0.014278495819219411 1.4598546189145956 0.014278495819219411 4.172295749543204 5.697452778038633 5.697452778038633 0.25508277340875685 54.23185412260402 5.697452778038633 74.05597457055738 5.697452778038633 37.148804695994656 0.24378297093096146 14.024648000084166 11.033530553682294 11.033530553682294 2.213361244183762 0.012625058367290994
1123 0.022536342590141558 0.08332024144928747 0.15327117238932747 0.10857036014599557 0.22939191082540028 0.6396814774532651 0.34426445647905485 0.07232077156947242 0.010748872414621075 3.209073135101739 0.010748872414621075 1.1417788454124076 1.6867090725149898 1.6867090725149898 0.49355135566026714 50.663892814261466 1.6867090725149898 74.84395774373942 1.6867090725149898 15.78770276690975 0.5198137599961786 8.270276845110319 5.45980012976265 5.45980012976265 1.8274220558747412 0.005070370760134767
1124 0.11812151978281091 0.2106470549170934 0.032679112706158926 0.3565703284899574 0.059820777095590076 0.5102771273570167 0.08108222211124068 0.3178990406555599 0.019382415695347176 2.6912881009326526 0.019382415695347176 31.135418628492946 56.79653736498442 56.79653736498442 0.1345870297954559 263.588029393301 56.79653736498442 480.8314138644318 56.79653736498442 97.94121606748675 0.13772254316527438 23.50915291736736 12.09841407836688 12.09841407836688 5.0832901662070995 0.023573219248152998
1125 0.024867688375328614 0.07471354466050116 0.1246190423713069 0.13138777217443004 0.18890264469280632 0.4042334266989167 0.19089762973161672 0.02484344788099467 0.03644918575942765 0.9990252212442073 0.03644918575942765 1.4994022365733386 3.4309404363415257 3.4309404363415257 0.42438895669728205 60.295199696201145 3.4309404363415257 137.9678072428068 3.4309404363415257 60.35403152395714 0.40516284058472535 10.05010417469166 4.401182349987931 4.401182349987931 0.3310808065364077 0.005347334820939638
1126 0.012433844187664307 0.056048990804660206 0.1467425064466665 0.16328493058855467 0.26696830914976033 0.40759870511400553 0.3143551466494597 0.10088226023278957 0.012642678216245287 8.113521346268396 0.012642678216245287 1.7372764188026857 3.9426962730680954 3.9426962730680954 0.6315581190139481 139.72158510127127 3.9426962730680954 317.09391026305997 3.9426962730680954 17.22083163872276 0.5936654035271401 7.514482081569687 3.077346104319126 3.077346104319126 2.629904659805398 0.005405592755705197
1127 0.06838614303215369 0.13379205213037057 0.048856730941617035 0.178789944369126 0.08514300720384904 0.3699491341529076 0.09244792373117071 0.27610526024562143 0.027245231450964736 4.037444546562638 0.027245231450964736 4.971934620046284 12.430691269903257 12.430691269903257 0.21498051347869018 72.70383150148689 12.430691269903257 181.77207718906757 12.430691269903257 18.00738825339033 0.21459095625290056 15.661620031641172 6.383155833336616 6.383155833336616 5.524113749051999 0.012940836721753423
1128 0.00932538314074823 0.04494935583844169 0.17166084252925215 0.12081126221710412 0.29204188560296857 0.6264779100477925 0.3989655018600692 0.01084887648097506 0.040474456242580545 1.163370589415224 0.040474456242580545 0.7626885586396202 1.1484055322955415 1.1484055322955415 0.6471161888439779 81.78629737012876 1.1484055322955415 123.14834843379938 1.1484055322955415 70.3011560669066 0.6090111514753463 4.854930889924543 3.1949059190896785 3.1949059190896785 0.1804041423069247 0.0038008154178448606
1129 4.8453136568804345 1.2169709545032439 0.0055301741130017465 0.48055009451708613 0.006814565063516641 0.5602455008278493 0.00931321455847526 44.31211617016301 0.0027129890153691273 9.145355555514758 0.0027129890153691273 326.7130354041557 545.6272501129982 545.6272501129982 0.018257503580282664 67.42866582852014 545.6272501129982 112.60927336214809 545.6272501129982 7.372995551590102 0.015998423892367542 147.67101412360032 78.69736217364752 78.69736217364752 821.9422988857142 0.20467926735933295
1130 0.0202049968049545 0.061587896714955334 0.10374565471316624 0.28171112968294676 0.15822482897664816 0.4240953471745785 0.19450458582877686 0.073874784173258 0.021237873998429482 3.656263096024991 0.021237873998429482 5.682144824592876 12.399882902974053 12.399882902974053 0.33413959413716837 281.2247326463099 12.399882902974053 613.7037794499159 12.399882902974053 76.91589069507916 0.34915131640067026 8.337968603418142 4.0578867959674145 4.0578867959674145 1.3664319342191356 0.008868737274194263
1131 0.011656728925935288 0.06479866910123064 0.27038869607431437 0.04193459574777652 0.9469783878291088 0.46023278039819854 0.5182726625891282 0.0044740344484700875 0.1394294338242009 0.3838156035794672 0.1394294338242009 0.13247072800499604 0.26687463408502465 0.26687463408502465 2.1119531998887675 11.364314023830415 0.26687463408502465 22.89447029099647 0.26687463408502465 29.608785880112052 1.8680511028681162 7.228059563271854 3.7457590025720897 3.7457590025720897 0.05282926616414745 0.0037982362760459044
1132 0.013210959449393328 0.06948803501416703 0.2349828260811957 0.04913546419377608 0.40008713899028525 0.6071340015357568 0.48910598484395956 0.007033050233508415 0.07275118327618457 0.5323648339433352 0.07275118327618457 0.19503343642848137 0.3022639303602317 0.3022639303602317 1.0168569039507827 14.763003185013764 0.3022639303602317 22.87978640144204 0.3022639303602317 27.73098868244391 0.9008083203965442 7.168412516578527 4.311971793331396 4.311971793331396 0.08479845751497794 0.0038164442073045273
1133 0.011656728925935288 0.05182638838935283 0.17622908773644522 0.0866074454775658 0.28975548495348896 0.3780274192181688 0.3616551587016157 0.020993869718000106 0.027743860843166393 1.801008657865452 0.027743860843166393 0.45192911283674064 1.1056345703090438 1.1056345703090438 0.7762323522360817 38.769805466714985 1.1056345703090438 94.84947083646215 1.1056345703090438 21.52671798516771 0.624125338595607 7.035149844412224 2.6666666666666674 2.6666666666666674 0.40027483367221195 0.005031171617483266
1134 0.026421918898786655 0.07321947556299252 0.10251310670046034 0.10206868891694132 0.15831549787206703 0.6047759349722729 0.2514162241188144 0.09252950371871418 0.027596577694819564 3.5019978705242076 0.027596577694819564 0.886789621935332 1.3792966992086877 1.3792966992086877 0.4102355756051888 33.562650212209036 1.3792966992086877 52.20274517124597 1.3792966992086877 9.583857972816274 0.31954738191366217 8.092942542399372 5.409122504153324 5.409122504153324 2.1326084053457706 0.009401336440379722
1135 0.014765189972851363 0.05559089590734581 0.12628560808293543 0.10317520536026122 0.1899528059131933 0.5797201704807442 0.3244117075503128 0.06255987987671921 0.03485408597449522 4.2369844202307965 0.03485408597449522 0.6879601344519674 1.1128475340017416 1.1128475340017416 0.503679124335601 46.59338184723083 1.1128475340017416 75.36967259127213 1.1128475340017416 10.99682633354899 0.4204213855444448 6.227982656113087 3.909508178252016 3.909508178252016 1.8088926689359042 0.004298046444146857
1136 0.029530379945702727 0.07587512704295842 0.06995380363275097 0.20616649580106167 0.10502372103775479 0.646242365293102 0.171778239686127 0.25400714585164785 0.020753081594594 8.601553597301788 0.020753081594594 3.7492510814668876 5.48730536157496 5.48730536157496 0.2606518497420918 126.96250736904183 5.48730536157496 185.81898951738597 5.48730536157496 14.760415770572955 0.2095028070903044 9.08914057609687 5.457693244834164 5.457693244834164 6.819722419520823 0.010193842143171695
1137 0.024090573113599592 0.08354381844205545 0.18472982334078702 0.08614214207978683 0.25475185391697286 0.5850244329077544 0.37778509685719197 0.021050265092252857 0.04282061356885171 0.8737967749040215 0.04282061356885171 0.7207000810085284 1.1559748932505791 1.1559748932505791 0.5138728707563478 29.91626963833747 1.1559748932505791 47.984532696650916 1.1559748932505791 34.23710237614861 0.47937703849982594 9.139401427500372 5.4454975460568615 5.4454975460568615 0.3677828174791797 0.008504325958465859
1138 0.02564480363705764 0.07667409807890933 0.08972215056015637 0.17791250362178437 0.14152362433354918 0.5846882946985029 0.21918886913798855 0.22606696438781318 0.00955081232962039 8.815312746678181 0.00955081232962039 2.821438147757183 4.527894518555151 4.527894518555151 0.3195680445925553 110.019877230805 4.527894518555151 176.56187127173726 4.527894518555151 12.480541574916115 0.27157261558429646 8.9121705075333 5.291869913784244 5.291869913784244 6.624814048396007 0.007261833645060265
1139 0.014765189972851363 0.05731404251832881 0.11965136108742022 0.1338798953936654 0.19159460623153374 0.4529501197842439 0.3048046417116383 0.14565183905967907 0.010991240884476498 9.864542164881586 0.010991240884476498 1.1942649478425744 2.4435519806051005 2.4435519806051005 0.6140558728103515 80.88381863277478 2.4435519806051005 165.4941104786352 2.4435519806051005 8.199449835667636 0.4503591177791708 6.997389164522515 3.4545696990263 3.4545696990263 4.996054193660963 0.006102586260177151
1140 0.006216922093832154 0.03852366865906466 0.3125307216935571 0.08784547675201562 0.4147648347157099 0.43908332472346556 0.5152249875436588 0.03646433743602583 0.014195455267014273 5.865336075580282 0.014195455267014273 0.3456012962485548 0.7289131473370185 0.7289131473370185 0.9223720428017465 55.590417739258456 0.7289131473370185 117.24662724343574 0.7289131473370185 9.47778900013989 0.8415795946620083 4.47213595499958 2.345207879911715 2.345207879911715 0.976971301703557 0.0034073621899632705
1141 0.029530379945702727 0.07803307133580252 0.10355938003270626 0.2256813597447232 0.13130760251280812 0.3069691422216164 0.20502727058000225 0.042611233193528 0.035546098517585625 1.4429625786013227 0.035546098517585625 4.620393837933642 13.977842883670627 13.977842883670627 0.32681374719997947 156.46239047479656 13.977842883670627 473.33772573775127 13.977842883670627 108.43135698394688 0.2837816916909733 12.492755758001909 4.309080259693893 4.309080259693893 0.34140722035232157 0.0060794416331976416
1142 4.229061254329323 1.1690507071314225 0.006926127091882121 0.4426532839258385 0.0070090583775039815 0.5644102969846811 0.010843856366248584 37.513019823611835 0.002505807574711681 8.870294745721516 0.002505807574711681 266.29906735101156 441.66008755021574 441.66008755021574 0.019861506910832615 62.968836660476164 441.66008755021574 104.43454492367187 441.66008755021574 7.098843777524806 0.017017570121532672 144.6491180072614 76.80287068837785 76.80287068837785 711.6764771452506 0.1801225703161509
