data/PerA_13co_physprop.txt
# %ECSV 0.9
# ---
# datatype:
# - {name: _idx, datatype: int64}
# - {name: area_pc2, unit: pc2, datatype: float64, description: projected area of structure}
# - {name: rad_pc, unit: pc, datatype: float64, description: equivalent radius in pc}
# - {name: e_rad_pc, datatype: float64, description: frac error in radius}
# - {name: vrms_k, unit: km / s, datatype: float64, description: rms linewidth in km/s}
# - {name: e_vrms_k, datatype: float64, description: frac error in linewidth}
# - {name: axratio, unit: '', datatype: float64, description: minor to major axis ratio}
# - {name: e_axratio, datatype: float64, description: frac error in axis ratio}
# - {name: mlumco, unit: solMass, datatype: float64, description: Mass from scaling luminosity with alphascale=1}
# - {name: e_mlumco, datatype: float64, description: frac error in luminous mass}
# - {name: siglum, unit: solMass / pc2, datatype: float64, description: average surface density from mlumco}
# - {name: e_siglum, datatype: float64, description: same as e_mlumco}
# - {name: mvir, unit: solMass, datatype: float64, description: virial mass}
# - {name: e_mvir, unit: solMass, datatype: float64, description: frac error in virial mass}
# - {name: emvir, unit: solMass, datatype: float64, description: elliptical virial mass}
# - {name: e_emvir, datatype: float64, description: frac error in elliptical virial mass}
# - {name: sigvir, unit: solMass / pc2, datatype: float64, description: virial surface density}
# - {name: e_sigvir, unit: solMass, datatype: float64, description: same as e_mvir}
# - {name: sigevir, unit: solMass / pc2, datatype: float64, description: ell. virial surface density}
# - {name: e_sigevir, unit: solMass, datatype: float64, description: same as e_mvir}
# - {name: alpha, unit: '', datatype: float64, description: virial parameter}
# - {name: e_alpha, datatype: float64, description: frac error in virial parameter}
# - {name: halfmax_ell_maj, unit: pix, datatype: float64}
# - {name: halfmax_ell_min, unit: pix, datatype: float64}
# - {name: halfmax_ell_pa, unit: rad, datatype: float64}
# - {name: mlte, unit: solMass, datatype: float64, description: LTE mass using H2/13CO=1000000.0}
# - {name: e_mlte, unit: solMass, datatype: float64, description: LTE mass uncert.}
# schema: astropy-2.0
_idx area_pc2 rad_pc e_rad_pc vrms_k e_vrms_k axratio e_axratio mlumco e_mlumco siglum e_siglum mvir e_mvir emvir e_emvir sigvir e_sigvir sigevir e_sigevir alpha e_alpha halfmax_ell_maj halfmax_ell_min halfmax_ell_pa mlte e_mlte
[from data line 1017]
1017 0.013210959449393328 0.053253290801131295 0.18927978324741693 0.13864981360090273 0.24208572159656128 0.6927648704833645 0.3758670670940891 0.024942147664340813 0.022540279917805515 1.8879891169059795 0.022540279917805515 1.1901287481704088 1.6355974546099332 1.6355974546099332 0.5456001417420049 90.08647348660674 1.6355974546099332 123.80610665526211 1.6355974546099332 47.71556820954545 0.49541736734768504 5.870813440564779 3.7162300998566384 3.7162300998566384 0.5081817697796619 0.005139162337453305
1018 0.034193071516076846 0.08000721344712887 0.09055830896254422 0.15973789240286193 0.1276145830062315 0.46174210031969976 0.15337813444843232 0.05623688313927005 0.03576670920907565 1.6446865006797846 0.03576670920907565 2.3733072192176117 4.766081577664758 4.766081577664758 0.2880843420029565 69.40900931060649 4.766081577664758 139.3873485575535 4.766081577664758 42.201969361284505 0.26595425153532837 11.640936602131214 5.226379368755532 5.226379368755532 0.9454192415338424 0.009273165037270955
1019 0.01010249840247725 0.04835215009419741 0.2593228910674467 0.06307029784709799 0.33749712817117067 0.6285951779575963 0.5667463007797519 0.01474405030753243 0.03981711679128877 1.4594459429874314 0.03981711679128877 0.22360137518479697 0.3356442545778494 0.3356442545778494 0.9103573339248342 22.133274985717126 0.3356442545778494 33.22388593454719 0.3356442545778494 15.165532572183618 0.7200029900941688 5.281313215234048 3.2181130235983586 3.2181130235983586 0.29686326423884385 0.0041368670892057615
1020 0.017096535758038423 0.07149426984825204 0.1743205135447919 0.13250414786555167 0.25016532700211463 0.4337855705603868 0.47619388827348536 0.0101691956936171 0.06844531922257857 0.594810307628302 0.06844531922257857 1.4592815704369997 3.1146126535795857 3.1146126535795857 0.8123041017865735 85.35539544909716 3.1146126535795857 182.17799779204753 3.1146126535795857 143.5001955319777 0.5901835347239569 8.513047137455539 3.7115983510823987 3.7115983510823987 0.17133531303359267 0.006172947441224117
1021 0.02098211206668352 0.06818336925849801 0.1518131534968151 0.15027275789296024 0.16946218629037427 0.589326318074912 0.23233029568382307 0.03998778358833082 0.023889403075126794 1.905803546432558 0.023889403075126794 1.78997879975549 2.8515916416107583 2.8515916416107583 0.41726557241640255 85.30975309190683 2.8515916416107583 135.90584363233205 2.8515916416107583 44.76314111787479 0.3543713904225002 8.589160522478686 4.879197519333882 4.879197519333882 0.7127039894400726 0.006539893229717203
1022 0.01010249840247725 0.049082505594957665 0.2594921328407157 0.0879133324488618 0.2812921034174556 0.6024463186436781 0.5807239155724969 0.03349711088120984 0.019965051095724023 3.3157254321362677 0.019965051095724023 0.44100663732792184 0.6883833811146992 0.6883833811146992 0.8992128289486561 43.65322514871983 0.6883833811146992 68.13991486956331 0.6883833811146992 13.165512658445536 0.532694020008269 5.866145934679265 2.9597178085388522 2.9597178085388522 0.8600899238456167 0.0035678630552174705
1023 0.9830508060872092 0.5339152783814041 0.01083957580998647 0.43695880698006384 0.020549021821935753 0.46035202901102407 0.023060224287460195 16.13519602317749 0.004593616616743854 16.413389748796046 0.004593616616743854 118.51198117821069 238.6934042999092 238.6934042999092 0.05618394274524032 120.5552962719377 238.6934042999092 242.8088180406151 238.6934042999092 7.3449359405348105 0.047489024535622815 72.72374568177716 27.88730340694925 27.88730340694925 419.5307769924938 0.0715363432674164
1024 0.6543310503758343 0.42184341055842384 0.011512287784677833 0.36143033229805926 0.019087053933956637 0.6152756880327852 0.029712701255741627 10.883780563915296 0.005409557477732793 16.633446567549985 0.005409557477732793 64.06331077778309 98.0744706595162 98.0744706595162 0.05350729185719084 97.90657304278383 98.0744706595162 149.88509349080138 98.0744706595162 5.8861266452010454 0.04060869211297992 42.470082084931946 23.22595622985424 23.22595622985424 291.78257826915547 0.05828690385434173
1025 0.7934346822253286 0.46505502504344115 0.0116247322658506 0.3759588409663399 0.017035168701343008 0.5443489129571156 0.029461609499372633 13.02403754050472 0.004744962794216531 16.414757045881196 0.004744962794216531 76.41768219050508 131.11896861395766 131.11896861395766 0.05008470470213084 96.31250549343028 131.11896861395766 165.25489942815608 131.11896861395766 5.867434115791382 0.03765827838389473 57.19843185092523 27.893141253879808 27.893141253879808 345.2191366754594 0.06394593345233877
1026 0.048181146227199184 0.12533005027977784 0.05869834229512811 0.2371207283161181 0.11086193267102289 0.4755197918482954 0.1483556399451235 0.4665500003507955 0.008363779682734385 9.683248259615274 0.008363779682734385 8.192249488104018 15.990230447208589 15.990230447208589 0.2654495684107285 170.03019084422147 15.990230447208589 331.87733583186935 15.990230447208589 17.55921012098237 0.2423894752314796 13.895114677054067 7.345472415752447 7.345472415752447 12.209809805342498 0.012027172442711315
1027 0.00932538314074823 0.04504027818969523 0.20735881528546068 0.08658366293268734 0.28778596427678926 0.6170368775143015 0.5006491604687013 0.016490239367478236 0.04725913715199086 1.7683176249801922 0.04725913715199086 0.3925381662166448 0.5993581705788921 0.5993581705788921 0.8979181958764224 42.093516190386694 0.5993581705788921 64.27169388461202 0.5993581705788921 23.804273392829078 0.6922792492552536 5.129725253921036 3.0032069779850508 3.0032069779850508 0.23667270786778058 0.002484452248875037
1028 0.00932538314074823 0.043345052375521574 0.16733545987565485 0.09898423623412506 0.21546884166297867 0.5016239646976355 0.35391570417675755 0.012183184493346207 0.061548785351610395 1.3064540415621657 0.061548785351610395 0.4937197727215072 0.9154562204543734 0.9154562204543734 0.5477538656903916 52.943644810061194 0.9154562204543734 98.16821535773606 0.9154562204543734 40.52468982893184 0.4446235250415329 5.298029411848159 2.951044243817709 2.951044243817709 0.10670160763287741 0.0024851650115394284
1029 6.694070864533772 1.3941623614266623 0.004206053681180631 0.5152706456635747 0.0063446428503708885 0.44605692213570347 0.0079509151454267 56.08364316606021 0.002863678696516287 8.37810717887677 0.002863678696516287 430.3215278328641 893.7282308721062 893.7282308721062 0.015447532429123102 64.28398153248936 893.7282308721062 133.5104227245662 893.7282308721062 7.672852609783365 0.01451403571664571 183.4185949720621 81.6007821737676 81.6007821737676 1007.6620859672234 0.24626127020028174
1030 0.13366382501739132 0.17409634905017374 0.048656360874517864 0.2163645526024085 0.07791350399132398 0.693614158207332 0.09501940777067398 0.17718916127855455 0.014424902903212156 1.3256328797675814 0.014424902903212156 9.474816359380338 13.0069337547325 13.0069337547325 0.1710141985112559 70.88541988191305 13.0069337547325 97.31080008401777 13.0069337547325 53.472889035719405 0.15815139981880624 20.105337104659196 11.989240520954219 11.989240520954219 2.9812510995638326 0.021344220299042847
1031 0.08781402457537918 0.14389409184730018 0.038336256358491826 0.3056800556659332 0.07228226677416363 0.23898872358456166 0.0757714759993546 0.5341400323900347 0.010767561946417087 6.0826278601037265 0.010767561946417087 15.630975618366227 61.57283042777478 61.57283042777478 0.2098988901953282 178.00090240652466 61.57283042777478 701.1730839749969 61.57283042777478 29.263815985528534 0.1748283005467145 26.52130873493741 6.081591556322376 6.081591556322376 10.292503931216723 0.019632206148669566
1032 0.03030749520743175 0.1031710588457013 0.10700898441237984 0.09687691865807853 0.17699551017248355 0.3900992080036671 0.2148672598260657 0.057288463285257586 0.014304117923362688 1.890240776849477 0.014304117923362688 1.12566052650872 2.6686199194294256 2.6686199194294256 0.43332266834918526 37.14132490344154 2.6686199194294256 88.05148367308985 2.6686199194294256 19.648991471523615 0.3508933251971005 12.886910173212696 5.558120247994207 5.558120247994207 1.0629202380334872 0.005983841140644382
1033 0.23546592430389282 0.24958481966406282 0.030802333027246 0.269666131617268 0.041889552489687565 0.6322358019050316 0.06578569394852767 1.4128579249157802 0.004412099868518184 6.000264917705641 0.004412099868518184 21.099875509472525 31.505576755834564 31.505576755834564 0.11149519786495053 89.60904033927636 31.505576755834564 133.8010026247934 31.505576755834564 14.934180668399677 0.09619132546438185 27.302034379006635 18.08320671376519 18.08320671376519 31.966932774408683 0.02562643509974657
1034 0.16785689653346816 0.21661382235163146 0.05224701021001442 0.26406702093888795 0.04593826460719386 0.5980897438685391 0.09650294738530275 1.0794795176634577 0.006234161593589658 6.430951244521703 0.006234161593589658 17.559955600779237 27.59453477968169 27.59453477968169 0.1388426938543326 104.61265496635727 27.59453477968169 164.39321439604808 27.59453477968169 16.267057700907475 0.10854884032620636 25.20154808849323 17.212410945054817 17.212410945054817 24.765685113688132 0.02178243012974475
1035 0.5486433747806876 0.3787611875205956 0.02089343321937622 0.4309629354171876 0.022127888712957754 0.5468531656035143 0.03351278403961289 3.6077154508966505 0.005487974334884096 6.575702207902872 0.005487974334884096 81.7813407732776 139.71702247564795 139.71702247564795 0.051661157953914176 149.06101947548083 139.71702247564795 254.65908985321812 139.71702247564795 22.668456502840854 0.04686065090188517 47.4040710827027 22.75589162088813 22.75589162088813 80.30598429012063 0.04229043076962551
1036 0.4639378112522245 0.34211050141269234 0.02051171780036919 0.43786864129515135 0.023659709048465535 0.6141328837894682 0.04724233687382503 3.1305474836119678 0.005709755050335612 6.747773963847094 0.005709755050335612 76.2540663826556 116.93721520039648 116.93721520039648 0.058751390659942275 164.36268942347382 116.93721520039648 252.0536424586061 116.93721520039648 24.3580609404062 0.05154933440214179 43.064347802039244 21.170359834805694 21.170359834805694 69.92195354839694 0.03887888882967855
1037 0.1507603607754297 0.20778018278979402 0.03622339452912096 0.446427553677336 0.07082200574588951 0.512353669620581 0.11104149644545983 0.5734487917643505 0.0055620786471390765 3.8037106625033283 0.0055620786471390765 48.14099061647494 87.47861215756983 87.47861215756983 0.19081165315679383 319.32127496155977 87.47861215756983 580.2494217155437 87.47861215756983 83.94993817731802 0.15444662798253378 22.251329841920462 13.57249331196376 13.57249331196376 11.393651173636528 0.017791341341875815
1038 0.024090573113599592 0.07777464808125448 0.15053184175530518 0.1505201665550918 0.20007932328100314 0.427610819463025 0.3553280828654175 0.06569492736119169 0.025654397970708766 2.726997280280793 0.025654397970708766 2.0485018033934885 4.434194595619182 4.434194595619182 0.3851713354991558 85.03333622383063 4.434194595619182 184.06347473385736 4.434194595619182 31.18203924833945 0.4960780825596393 10.23385725370633 4.902451896483922 4.902451896483922 1.3315296453127525 0.00615911889441505
1039 0.04351845465682508 0.09823507773315814 0.0670208122762244 0.33414935620911235 0.09813054777061499 0.5639179048215448 0.13262874227279975 0.10607040038902088 0.028925030829315915 2.4373659686554534 0.028925030829315915 12.751367606921336 21.165566118070764 21.165566118070764 0.25072337042244736 293.0105792467867 21.165566118070764 486.3584032332207 21.165566118070764 120.21607875670094 0.19964180526888095 8.352504442570632 5.835006759710593 5.835006759710593 1.2874550332218733 0.008072741633308822
1040 6.934199480408038 1.404132396815528 0.004652704862915713 0.5240376631027285 0.005507875002849873 0.4452739468531936 0.007169979109983128 57.93291301986815 0.002874844202587605 8.354664901630308 0.002874844202587605 448.2723767753351 932.608058816601 932.608058816601 0.016475173414073622 64.6465937476833 932.608058816601 134.49397604606008 932.608058816601 7.737784161165858 0.015015710541656688 186.71029670009835 82.30128961777035 82.30128961777035 1035.1193569590632 0.25397709998316126
1041 0.03497018677780587 0.08186862631073968 0.07865953574240361 0.20521065579022915 0.09359785750038238 0.6798320114525557 0.14487637101941744 0.0867444147868517 0.05150140580853134 2.4805247778060138 0.05150140580853134 4.007986364631344 5.6024897714986395 5.6024897714986395 0.2594730231174306 114.61152295517755 5.6024897714986395 160.20760218113298 5.6024897714986395 46.20454670747119 0.23153913924902006 7.232101735877543 5.077076371487534 5.077076371487534 1.4631022787614032 0.015439100758367137
1042 0.1375494013260364 0.1851456748951468 0.030110326710123717 0.2878150863829776 0.04781460515292223 0.21274268835108237 0.07032098527809182 0.4363598459219786 0.0195385698580538 3.172386369662672 0.0195385698580538 17.82992826324419 79.64167773407893 79.64167773407893 0.1304515403862464 129.6256333459534 79.64167773407893 579.0041757092238 79.64167773407893 40.860607202689756 0.11300763055789946 35.887175627361415 5.886750832798978 5.886750832798978 6.3002835784081475 0.028535790005219743
1043 0.014765189972851363 0.06329500434331324 0.21981408964763838 0.12246564159006364 0.259347458074702 0.4325827944162849 0.42869702316930164 0.023181540821082806 0.02069698348767182 1.5700130417357663 0.02069698348767182 1.1035877566219332 2.361862644567569 2.361862644567569 0.5581382968608444 74.74253691629374 2.361862644567569 159.96154799974175 2.361862644567569 47.606315953694434 0.49585198429689575 8.639832456777803 3.4834549736880267 3.4834549736880267 0.49591607948691063 0.004951476440049817
1044 0.00932538314074823 0.04139181818815588 0.17284222296075366 0.1606791907437839 0.2757651343446318 0.6934419457091522 0.4041964111485037 0.02311638527033686 0.03273112890234628 2.4788670793940266 0.03273112890234628 1.2423463569412647 1.7058614627480628 1.7058614627480628 0.6303615919683605 133.22201760404923 1.7058614627480628 182.92668912380918 1.7058614627480628 53.74310656326766 0.638636848396718 4.167620293867669 3.631321610887408 3.631321610887408 0.4349964549081687 0.004533526162870987
1045 0.013988074711122346 0.05413954934879696 0.17767691867614488 0.13190995566430905 0.22471243756876155 0.49059270497442814 0.33878405566280884 0.030265845449514293 0.024200341741406128 2.163689147688709 0.024200341741406128 1.0951628435125815 2.0743704714517612 2.0743704714517612 0.5388551070939012 78.29260753388628 2.0743704714517612 148.29563855577393 2.0743704714517612 36.184776180774314 0.4657333385987736 6.883706300758285 3.7610439724139826 3.7610439724139826 0.5592358329540369 0.005675551843276605
1046 0.027199034160515674 0.07948133999286586 0.09529236668130894 0.11173255486895026 0.17406772707211293 0.4850233163472029 0.1727500640046173 0.10109636812783215 0.007104791632433183 3.716910223032546 0.007104791632433183 1.1535423801497855 2.209048162990003 2.209048162990003 0.369989019229448 42.411152298354814 2.209048162990003 81.21788994246114 2.209048162990003 11.41032463887505 0.35724507911555375 9.15965468352416 4.976958291335781 4.976958291335781 2.2657473375858426 0.008072091396200272
1047 0.03030749520743175 0.08674140783536011 0.10570826837232794 0.08667806330942461 0.17916592461788342 0.4853077307252731 0.26475068844825156 0.066614760048968 0.010114859874514853 2.1979632296579 0.010114859874514853 0.7576240986221273 1.4500419477122608 1.4500419477122608 0.46051841623204437 24.997912016046417 1.4500419477122608 47.84433480193024 1.4500419477122608 11.373216657467559 0.3886468831001449 10.214785523037818 5.168053918780563 5.168053918780563 1.4155896784784634 0.00602162257519274
